Solve The Next System Under Space R6:
  5*x1 + 5*x2 - x3 + 4*x4 - x5 - 3*x6 = 0
- 5*x1 + 6*x2 - x3 + 6*x4 + x5 - 6*x6 = 0
  x1 + x2 - 5*x3 + 4*x4 - 5*x5 + x6 = 0
- x1 + x2 - 2*x5 + 6*x6 = 0
  x1 + 6*x2 + 2*x3 + 5*x4 - 4*x5 - 4*x6 = 0
- 5*x1 - x3 - x5 + 6*x6 = 0

5 ,5 ,-1 ,4 ,-1 ,-3 | 0 
-5 ,6 ,-1 ,6 ,1 ,-6 | 0 
1 ,1 ,-5 ,4 ,-5 ,1 | 0 
-1 ,1 ,0 ,0 ,-2 ,6 | 0 
1 ,6 ,2 ,5 ,-4 ,-4 | 0 
-5 ,0 ,-1 ,0 ,-1 ,6 | 0 

R5 --> R5 + 0.6667*R6

5 ,5 ,-1 ,4 ,-1 ,-3 | 0 
-5 ,6 ,-1 ,6 ,1 ,-6 | 0 
1 ,1 ,-5 ,4 ,-5 ,1 | 0 
-1 ,1 ,0 ,0 ,-2 ,6 | 0 
-2.333 ,6 ,1.333 ,5 ,-4.667 ,0 | 0 
-5 ,0 ,-1 ,0 ,-1 ,6 | 0 

R4 --> R4 - R6

5 ,5 ,-1 ,4 ,-1 ,-3 | 0 
-5 ,6 ,-1 ,6 ,1 ,-6 | 0 
1 ,1 ,-5 ,4 ,-5 ,1 | 0 
4 ,1 ,1 ,0 ,-1 ,0 | 0 
-2.333 ,6 ,1.333 ,5 ,-4.667 ,0 | 0 
-5 ,0 ,-1 ,0 ,-1 ,6 | 0 

R3 --> R3 - 0.1667*R6

5 ,5 ,-1 ,4 ,-1 ,-3 | 0 
-5 ,6 ,-1 ,6 ,1 ,-6 | 0 
1.833 ,1 ,-4.833 ,4 ,-4.833 ,0 | 0 
4 ,1 ,1 ,0 ,-1 ,0 | 0 
-2.333 ,6 ,1.333 ,5 ,-4.667 ,0 | 0 
-5 ,0 ,-1 ,0 ,-1 ,6 | 0 

R2 --> R2 + R6

5 ,5 ,-1 ,4 ,-1 ,-3 | 0 
-10 ,6 ,-2 ,6 ,0 ,0 | 0 
1.833 ,1 ,-4.833 ,4 ,-4.833 ,0 | 0 
4 ,1 ,1 ,0 ,-1 ,0 | 0 
-2.333 ,6 ,1.333 ,5 ,-4.667 ,0 | 0 
-5 ,0 ,-1 ,0 ,-1 ,6 | 0 

R1 --> R1 + 0.5*R6

2.5 ,5 ,-1.5 ,4 ,-1.5 ,0 | 0 
-10 ,6 ,-2 ,6 ,0 ,0 | 0 
1.833 ,1 ,-4.833 ,4 ,-4.833 ,0 | 0 
4 ,1 ,1 ,0 ,-1 ,0 | 0 
-2.333 ,6 ,1.333 ,5 ,-4.667 ,0 | 0 
-5 ,0 ,-1 ,0 ,-1 ,6 | 0 

R4 --> R4 - 0.2143*R5

2.5 ,5 ,-1.5 ,4 ,-1.5 ,0 | 0 
-10 ,6 ,-2 ,6 ,0 ,0 | 0 
1.833 ,1 ,-4.833 ,4 ,-4.833 ,0 | 0 
4.5 ,-0.286 ,0.714 ,-1.071 ,0 ,0 | 0 
-2.333 ,6 ,1.333 ,5 ,-4.667 ,0 | 0 
-5 ,0 ,-1 ,0 ,-1 ,6 | 0 

R3 --> R3 - 1.0357*R5

2.5 ,5 ,-1.5 ,4 ,-1.5 ,0 | 0 
-10 ,6 ,-2 ,6 ,0 ,0 | 0 
4.25 ,-5.214 ,-6.214 ,-1.179 ,0 ,0 | 0 
4.5 ,-0.286 ,0.714 ,-1.071 ,0 ,0 | 0 
-2.333 ,6 ,1.333 ,5 ,-4.667 ,0 | 0 
-5 ,0 ,-1 ,0 ,-1 ,6 | 0 

R1 --> R1 - 0.3214*R5

3.25 ,3.071 ,-1.929 ,2.393 ,0 ,0 | 0 
-10 ,6 ,-2 ,6 ,0 ,0 | 0 
4.25 ,-5.214 ,-6.214 ,-1.179 ,0 ,0 | 0 
4.5 ,-0.286 ,0.714 ,-1.071 ,0 ,0 | 0 
-2.333 ,6 ,1.333 ,5 ,-4.667 ,0 | 0 
-5 ,0 ,-1 ,0 ,-1 ,6 | 0 

R3 --> R3 - 1.1*R4

3.25 ,3.071 ,-1.929 ,2.393 ,0 ,0 | 0 
-10 ,6 ,-2 ,6 ,0 ,0 | 0 
-0.7 ,-4.9 ,-7 ,0 ,0 ,0 | 0 
4.5 ,-0.286 ,0.714 ,-1.071 ,0 ,0 | 0 
-2.333 ,6 ,1.333 ,5 ,-4.667 ,0 | 0 
-5 ,0 ,-1 ,0 ,-1 ,6 | 0 

R2 --> R2 + 5.6*R4

3.25 ,3.071 ,-1.929 ,2.393 ,0 ,0 | 0 
15.2 ,4.4 ,2 ,0 ,0 ,0 | 0 
-0.7 ,-4.9 ,-7 ,0 ,0 ,0 | 0 
4.5 ,-0.286 ,0.714 ,-1.071 ,0 ,0 | 0 
-2.333 ,6 ,1.333 ,5 ,-4.667 ,0 | 0 
-5 ,0 ,-1 ,0 ,-1 ,6 | 0 

R1 --> R1 + 2.2333*R4

13.3 ,2.433 ,-0.333 ,0 ,0 ,0 | 0 
15.2 ,4.4 ,2 ,0 ,0 ,0 | 0 
-0.7 ,-4.9 ,-7 ,0 ,0 ,0 | 0 
4.5 ,-0.286 ,0.714 ,-1.071 ,0 ,0 | 0 
-2.333 ,6 ,1.333 ,5 ,-4.667 ,0 | 0 
-5 ,0 ,-1 ,0 ,-1 ,6 | 0 

R2 --> R2 + 0.2857*R3

13.3 ,2.433 ,-0.333 ,0 ,0 ,0 | 0 
15 ,3 ,0 ,0 ,0 ,0 | 0 
-0.7 ,-4.9 ,-7 ,0 ,0 ,0 | 0 
4.5 ,-0.286 ,0.714 ,-1.071 ,0 ,0 | 0 
-2.333 ,6 ,1.333 ,5 ,-4.667 ,0 | 0 
-5 ,0 ,-1 ,0 ,-1 ,6 | 0 

R1 --> R1 - 0.0476*R3

13.333 ,2.667 ,0 ,0 ,0 ,0 | 0 
15 ,3 ,0 ,0 ,0 ,0 | 0 
-0.7 ,-4.9 ,-7 ,0 ,0 ,0 | 0 
4.5 ,-0.286 ,0.714 ,-1.071 ,0 ,0 | 0 
-2.333 ,6 ,1.333 ,5 ,-4.667 ,0 | 0 
-5 ,0 ,-1 ,0 ,-1 ,6 | 0 

R1 --> R1 - 0.8889*R2

0 ,0 ,0 ,0 ,0 ,0 | 0 
15 ,3 ,0 ,0 ,0 ,0 | 0 
-0.7 ,-4.9 ,-7 ,0 ,0 ,0 | 0 
4.5 ,-0.286 ,0.714 ,-1.071 ,0 ,0 | 0 
-2.333 ,6 ,1.333 ,5 ,-4.667 ,0 | 0 
-5 ,0 ,-1 ,0 ,-1 ,6 | 0 

define new column in b when x1 is free variable in R6:
1 ,0 ,0 ,0 ,0 ,0 | 0 ,1 
15 ,3 ,0 ,0 ,0 ,0 | 0 ,0 
-0.7 ,-4.9 ,-7 ,0 ,0 ,0 | 0 ,0 
4.5 ,-0.286 ,0.714 ,-1.071 ,0 ,0 | 0 ,0 
-2.333 ,6 ,1.333 ,5 ,-4.667 ,0 | 0 ,0 
-5 ,0 ,-1 ,0 ,-1 ,6 | 0 ,0 

R2 --> R2 - 15*R1

1 ,0 ,0 ,0 ,0 ,0 | 0 ,1 
0 ,3 ,0 ,0 ,0 ,0 | 0 ,-15 
-0.7 ,-4.9 ,-7 ,0 ,0 ,0 | 0 ,0 
4.5 ,-0.286 ,0.714 ,-1.071 ,0 ,0 | 0 ,0 
-2.333 ,6 ,1.333 ,5 ,-4.667 ,0 | 0 ,0 
-5 ,0 ,-1 ,0 ,-1 ,6 | 0 ,0 

R2 --> 0.3333*R2

1 ,0 ,0 ,0 ,0 ,0 | 0 ,1 
0 ,1 ,0 ,0 ,0 ,0 | 0 ,-5 
-0.7 ,-4.9 ,-7 ,0 ,0 ,0 | 0 ,0 
4.5 ,-0.286 ,0.714 ,-1.071 ,0 ,0 | 0 ,0 
-2.333 ,6 ,1.333 ,5 ,-4.667 ,0 | 0 ,0 
-5 ,0 ,-1 ,0 ,-1 ,6 | 0 ,0 

R3 --> R3 + 0.7*R1

1 ,0 ,0 ,0 ,0 ,0 | 0 ,1 
0 ,1 ,0 ,0 ,0 ,0 | 0 ,-5 
0 ,-4.9 ,-7 ,0 ,0 ,0 | 0 ,0.7 
4.5 ,-0.286 ,0.714 ,-1.071 ,0 ,0 | 0 ,0 
-2.333 ,6 ,1.333 ,5 ,-4.667 ,0 | 0 ,0 
-5 ,0 ,-1 ,0 ,-1 ,6 | 0 ,0 

R4 --> R4 - 4.5*R1

1 ,0 ,0 ,0 ,0 ,0 | 0 ,1 
0 ,1 ,0 ,0 ,0 ,0 | 0 ,-5 
0 ,-4.9 ,-7 ,0 ,0 ,0 | 0 ,0.7 
0 ,-0.286 ,0.714 ,-1.071 ,0 ,0 | 0 ,-4.5 
-2.333 ,6 ,1.333 ,5 ,-4.667 ,0 | 0 ,0 
-5 ,0 ,-1 ,0 ,-1 ,6 | 0 ,0 

R5 --> R5 + 2.3333*R1

1 ,0 ,0 ,0 ,0 ,0 | 0 ,1 
0 ,1 ,0 ,0 ,0 ,0 | 0 ,-5 
0 ,-4.9 ,-7 ,0 ,0 ,0 | 0 ,0.7 
0 ,-0.286 ,0.714 ,-1.071 ,0 ,0 | 0 ,-4.5 
0 ,6 ,1.333 ,5 ,-4.667 ,0 | 0 ,2.333 
-5 ,0 ,-1 ,0 ,-1 ,6 | 0 ,0 

R6 --> R6 + 5*R1

1 ,0 ,0 ,0 ,0 ,0 | 0 ,1 
0 ,1 ,0 ,0 ,0 ,0 | 0 ,-5 
0 ,-4.9 ,-7 ,0 ,0 ,0 | 0 ,0.7 
0 ,-0.286 ,0.714 ,-1.071 ,0 ,0 | 0 ,-4.5 
0 ,6 ,1.333 ,5 ,-4.667 ,0 | 0 ,2.333 
0 ,0 ,-1 ,0 ,-1 ,6 | 0 ,5 

R3 --> R3 + 4.9*R2

1 ,0 ,0 ,0 ,0 ,0 | 0 ,1 
0 ,1 ,0 ,0 ,0 ,0 | 0 ,-5 
0 ,0 ,-7 ,0 ,0 ,0 | 0 ,-23.8 
0 ,-0.286 ,0.714 ,-1.071 ,0 ,0 | 0 ,-4.5 
0 ,6 ,1.333 ,5 ,-4.667 ,0 | 0 ,2.333 
0 ,0 ,-1 ,0 ,-1 ,6 | 0 ,5 

R3 --> -0.1429*R3

1 ,0 ,0 ,0 ,0 ,0 | 0 ,1 
0 ,1 ,0 ,0 ,0 ,0 | 0 ,-5 
0 ,0 ,1 ,0 ,0 ,0 | 0 ,3.4 
0 ,-0.286 ,0.714 ,-1.071 ,0 ,0 | 0 ,-4.5 
0 ,6 ,1.333 ,5 ,-4.667 ,0 | 0 ,2.333 
0 ,0 ,-1 ,0 ,-1 ,6 | 0 ,5 

R4 --> R4 + 0.2857*R2

1 ,0 ,0 ,0 ,0 ,0 | 0 ,1 
0 ,1 ,0 ,0 ,0 ,0 | 0 ,-5 
0 ,0 ,1 ,0 ,0 ,0 | 0 ,3.4 
0 ,0 ,0.714 ,-1.071 ,0 ,0 | 0 ,-5.929 
0 ,6 ,1.333 ,5 ,-4.667 ,0 | 0 ,2.333 
0 ,0 ,-1 ,0 ,-1 ,6 | 0 ,5 

R5 --> R5 - 6*R2

1 ,0 ,0 ,0 ,0 ,0 | 0 ,1 
0 ,1 ,0 ,0 ,0 ,0 | 0 ,-5 
0 ,0 ,1 ,0 ,0 ,0 | 0 ,3.4 
0 ,0 ,0.714 ,-1.071 ,0 ,0 | 0 ,-5.929 
0 ,0 ,1.333 ,5 ,-4.667 ,0 | 0 ,32.333 
0 ,0 ,-1 ,0 ,-1 ,6 | 0 ,5 

R4 --> R4 - 0.7143*R3

1 ,0 ,0 ,0 ,0 ,0 | 0 ,1 
0 ,1 ,0 ,0 ,0 ,0 | 0 ,-5 
0 ,0 ,1 ,0 ,0 ,0 | 0 ,3.4 
0 ,0 ,0 ,-1.071 ,0 ,0 | 0 ,-8.357 
0 ,0 ,1.333 ,5 ,-4.667 ,0 | 0 ,32.333 
0 ,0 ,-1 ,0 ,-1 ,6 | 0 ,5 

R4 --> -0.9333*R4

1 ,0 ,0 ,0 ,0 ,0 | 0 ,1 
0 ,1 ,0 ,0 ,0 ,0 | 0 ,-5 
0 ,0 ,1 ,0 ,0 ,0 | 0 ,3.4 
0 ,0 ,0 ,1 ,0 ,0 | 0 ,7.8 
0 ,0 ,1.333 ,5 ,-4.667 ,0 | 0 ,32.333 
0 ,0 ,-1 ,0 ,-1 ,6 | 0 ,5 

R5 --> R5 - 1.3333*R3

1 ,0 ,0 ,0 ,0 ,0 | 0 ,1 
0 ,1 ,0 ,0 ,0 ,0 | 0 ,-5 
0 ,0 ,1 ,0 ,0 ,0 | 0 ,3.4 
0 ,0 ,0 ,1 ,0 ,0 | 0 ,7.8 
0 ,0 ,0 ,5 ,-4.667 ,0 | 0 ,27.8 
0 ,0 ,-1 ,0 ,-1 ,6 | 0 ,5 

R6 --> R6 + R3

1 ,0 ,0 ,0 ,0 ,0 | 0 ,1 
0 ,1 ,0 ,0 ,0 ,0 | 0 ,-5 
0 ,0 ,1 ,0 ,0 ,0 | 0 ,3.4 
0 ,0 ,0 ,1 ,0 ,0 | 0 ,7.8 
0 ,0 ,0 ,5 ,-4.667 ,0 | 0 ,27.8 
0 ,0 ,0 ,0 ,-1 ,6 | 0 ,8.4 

R5 --> R5 - 5*R4

1 ,0 ,0 ,0 ,0 ,0 | 0 ,1 
0 ,1 ,0 ,0 ,0 ,0 | 0 ,-5 
0 ,0 ,1 ,0 ,0 ,0 | 0 ,3.4 
0 ,0 ,0 ,1 ,0 ,0 | 0 ,7.8 
0 ,0 ,0 ,0 ,-4.667 ,0 | 0 ,-11.2 
0 ,0 ,0 ,0 ,-1 ,6 | 0 ,8.4 

R5 --> -0.2143*R5

1 ,0 ,0 ,0 ,0 ,0 | 0 ,1 
0 ,1 ,0 ,0 ,0 ,0 | 0 ,-5 
0 ,0 ,1 ,0 ,0 ,0 | 0 ,3.4 
0 ,0 ,0 ,1 ,0 ,0 | 0 ,7.8 
0 ,0 ,0 ,0 ,1 ,0 | 0 ,2.4 
0 ,0 ,0 ,0 ,-1 ,6 | 0 ,8.4 

R6 --> R6 + R5

1 ,0 ,0 ,0 ,0 ,0 | 0 ,1 
0 ,1 ,0 ,0 ,0 ,0 | 0 ,-5 
0 ,0 ,1 ,0 ,0 ,0 | 0 ,3.4 
0 ,0 ,0 ,1 ,0 ,0 | 0 ,7.8 
0 ,0 ,0 ,0 ,1 ,0 | 0 ,2.4 
0 ,0 ,0 ,0 ,0 ,6 | 0 ,10.8 

R6 --> 0.1667*R6

1 ,0 ,0 ,0 ,0 ,0 | 0 ,1 
0 ,1 ,0 ,0 ,0 ,0 | 0 ,-5 
0 ,0 ,1 ,0 ,0 ,0 | 0 ,3.4 
0 ,0 ,0 ,1 ,0 ,0 | 0 ,7.8 
0 ,0 ,0 ,0 ,1 ,0 | 0 ,2.4 
0 ,0 ,0 ,0 ,0 ,1 | 0 ,1.8 

solution is infinite set of vectors that linear dependent in line: x = s*( 1 , -5 , 3.4 , 7.8 , 2.4 , 1.8 )
##################################################################################################################################
Solve The Next System Under Space R6:
- 2*x1 - 4*x3 - 2*x4 + 5*x5 - 6*x6 = 0
  6*x1 - x2 - 2*x3 + x5 = 0
  6*x1 - 2*x4 + 5*x5 + 2*x6 = 0
- 2*x1 + 3*x3 + 2*x4 + 2*x5 + 3*x6 = 0
- 4*x1 - 2*x2 + 3*x3 - 6*x4 + 4*x5 - 4*x6 = 0
  5*x1 + x2 - 5*x3 - x4 + 5*x5 - 2*x6 = 0

-2 ,0 ,-4 ,-2 ,5 ,-6 | 0 
6 ,-1 ,-2 ,0 ,1 ,0 | 0 
6 ,0 ,0 ,-2 ,5 ,2 | 0 
-2 ,0 ,3 ,2 ,2 ,3 | 0 
-4 ,-2 ,3 ,-6 ,4 ,-4 | 0 
5 ,1 ,-5 ,-1 ,5 ,-2 | 0 

R5 --> R5 - 2*R6

-2 ,0 ,-4 ,-2 ,5 ,-6 | 0 
6 ,-1 ,-2 ,0 ,1 ,0 | 0 
6 ,0 ,0 ,-2 ,5 ,2 | 0 
-2 ,0 ,3 ,2 ,2 ,3 | 0 
-14 ,-4 ,13 ,-4 ,-6 ,0 | 0 
5 ,1 ,-5 ,-1 ,5 ,-2 | 0 

R4 --> R4 + 1.5*R6

-2 ,0 ,-4 ,-2 ,5 ,-6 | 0 
6 ,-1 ,-2 ,0 ,1 ,0 | 0 
6 ,0 ,0 ,-2 ,5 ,2 | 0 
5.5 ,1.5 ,-4.5 ,0.5 ,9.5 ,0 | 0 
-14 ,-4 ,13 ,-4 ,-6 ,0 | 0 
5 ,1 ,-5 ,-1 ,5 ,-2 | 0 

R3 --> R3 + R6

-2 ,0 ,-4 ,-2 ,5 ,-6 | 0 
6 ,-1 ,-2 ,0 ,1 ,0 | 0 
11 ,1 ,-5 ,-3 ,10 ,0 | 0 
5.5 ,1.5 ,-4.5 ,0.5 ,9.5 ,0 | 0 
-14 ,-4 ,13 ,-4 ,-6 ,0 | 0 
5 ,1 ,-5 ,-1 ,5 ,-2 | 0 

R1 --> R1 - 3*R6

-17 ,-3 ,11 ,1 ,-10 ,0 | 0 
6 ,-1 ,-2 ,0 ,1 ,0 | 0 
11 ,1 ,-5 ,-3 ,10 ,0 | 0 
5.5 ,1.5 ,-4.5 ,0.5 ,9.5 ,0 | 0 
-14 ,-4 ,13 ,-4 ,-6 ,0 | 0 
5 ,1 ,-5 ,-1 ,5 ,-2 | 0 

R4 --> R4 + 1.5833*R5

-17 ,-3 ,11 ,1 ,-10 ,0 | 0 
6 ,-1 ,-2 ,0 ,1 ,0 | 0 
11 ,1 ,-5 ,-3 ,10 ,0 | 0 
-16.667 ,-4.833 ,16.083 ,-5.833 ,0 ,0 | 0 
-14 ,-4 ,13 ,-4 ,-6 ,0 | 0 
5 ,1 ,-5 ,-1 ,5 ,-2 | 0 

R3 --> R3 + 1.6667*R5

-17 ,-3 ,11 ,1 ,-10 ,0 | 0 
6 ,-1 ,-2 ,0 ,1 ,0 | 0 
-12.333 ,-5.667 ,16.667 ,-9.667 ,0 ,0 | 0 
-16.667 ,-4.833 ,16.083 ,-5.833 ,0 ,0 | 0 
-14 ,-4 ,13 ,-4 ,-6 ,0 | 0 
5 ,1 ,-5 ,-1 ,5 ,-2 | 0 

R2 --> R2 + 0.1667*R5

-17 ,-3 ,11 ,1 ,-10 ,0 | 0 
3.667 ,-1.667 ,0.167 ,-0.667 ,0 ,0 | 0 
-12.333 ,-5.667 ,16.667 ,-9.667 ,0 ,0 | 0 
-16.667 ,-4.833 ,16.083 ,-5.833 ,0 ,0 | 0 
-14 ,-4 ,13 ,-4 ,-6 ,0 | 0 
5 ,1 ,-5 ,-1 ,5 ,-2 | 0 

R1 --> R1 - 1.6667*R5

6.333 ,3.667 ,-10.667 ,7.667 ,0 ,0 | 0 
3.667 ,-1.667 ,0.167 ,-0.667 ,0 ,0 | 0 
-12.333 ,-5.667 ,16.667 ,-9.667 ,0 ,0 | 0 
-16.667 ,-4.833 ,16.083 ,-5.833 ,0 ,0 | 0 
-14 ,-4 ,13 ,-4 ,-6 ,0 | 0 
5 ,1 ,-5 ,-1 ,5 ,-2 | 0 

R3 --> R3 - 1.6571*R4

6.333 ,3.667 ,-10.667 ,7.667 ,0 ,0 | 0 
3.667 ,-1.667 ,0.167 ,-0.667 ,0 ,0 | 0 
15.286 ,2.343 ,-9.986 ,0 ,0 ,0 | 0 
-16.667 ,-4.833 ,16.083 ,-5.833 ,0 ,0 | 0 
-14 ,-4 ,13 ,-4 ,-6 ,0 | 0 
5 ,1 ,-5 ,-1 ,5 ,-2 | 0 

R2 --> R2 - 0.1143*R4

6.333 ,3.667 ,-10.667 ,7.667 ,0 ,0 | 0 
5.571 ,-1.114 ,-1.671 ,0 ,0 ,0 | 0 
15.286 ,2.343 ,-9.986 ,0 ,0 ,0 | 0 
-16.667 ,-4.833 ,16.083 ,-5.833 ,0 ,0 | 0 
-14 ,-4 ,13 ,-4 ,-6 ,0 | 0 
5 ,1 ,-5 ,-1 ,5 ,-2 | 0 

R1 --> R1 + 1.3143*R4

-15.571 ,-2.686 ,10.471 ,0 ,0 ,0 | 0 
5.571 ,-1.114 ,-1.671 ,0 ,0 ,0 | 0 
15.286 ,2.343 ,-9.986 ,0 ,0 ,0 | 0 
-16.667 ,-4.833 ,16.083 ,-5.833 ,0 ,0 | 0 
-14 ,-4 ,13 ,-4 ,-6 ,0 | 0 
5 ,1 ,-5 ,-1 ,5 ,-2 | 0 

R2 --> R2 - 0.1674*R3

-15.571 ,-2.686 ,10.471 ,0 ,0 ,0 | 0 
3.013 ,-1.506 ,0 ,0 ,0 ,0 | 0 
15.286 ,2.343 ,-9.986 ,0 ,0 ,0 | 0 
-16.667 ,-4.833 ,16.083 ,-5.833 ,0 ,0 | 0 
-14 ,-4 ,13 ,-4 ,-6 ,0 | 0 
5 ,1 ,-5 ,-1 ,5 ,-2 | 0 

R1 --> R1 + 1.0486*R3

0.458 ,-0.229 ,0 ,0 ,0 ,0 | 0 
3.013 ,-1.506 ,0 ,0 ,0 ,0 | 0 
15.286 ,2.343 ,-9.986 ,0 ,0 ,0 | 0 
-16.667 ,-4.833 ,16.083 ,-5.833 ,0 ,0 | 0 
-14 ,-4 ,13 ,-4 ,-6 ,0 | 0 
5 ,1 ,-5 ,-1 ,5 ,-2 | 0 

R1 --> R1 - 0.1519*R2

0 ,0 ,0 ,0 ,0 ,0 | 0 
3.013 ,-1.506 ,0 ,0 ,0 ,0 | 0 
15.286 ,2.343 ,-9.986 ,0 ,0 ,0 | 0 
-16.667 ,-4.833 ,16.083 ,-5.833 ,0 ,0 | 0 
-14 ,-4 ,13 ,-4 ,-6 ,0 | 0 
5 ,1 ,-5 ,-1 ,5 ,-2 | 0 

define new column in b when x1 is free variable in R6:
1 ,0 ,0 ,0 ,0 ,0 | 0 ,1 
3.013 ,-1.506 ,0 ,0 ,0 ,0 | 0 ,0 
15.286 ,2.343 ,-9.986 ,0 ,0 ,0 | 0 ,0 
-16.667 ,-4.833 ,16.083 ,-5.833 ,0 ,0 | 0 ,0 
-14 ,-4 ,13 ,-4 ,-6 ,0 | 0 ,0 
5 ,1 ,-5 ,-1 ,5 ,-2 | 0 ,0 

R2 --> R2 - 3.0129*R1

1 ,0 ,0 ,0 ,0 ,0 | 0 ,1 
0 ,-1.506 ,0 ,0 ,0 ,0 | 0 ,-3.013 
15.286 ,2.343 ,-9.986 ,0 ,0 ,0 | 0 ,0 
-16.667 ,-4.833 ,16.083 ,-5.833 ,0 ,0 | 0 ,0 
-14 ,-4 ,13 ,-4 ,-6 ,0 | 0 ,0 
5 ,1 ,-5 ,-1 ,5 ,-2 | 0 ,0 

R2 --> -0.6638*R2

1 ,0 ,0 ,0 ,0 ,0 | 0 ,1 
0 ,1 ,0 ,0 ,0 ,0 | 0 ,2 
15.286 ,2.343 ,-9.986 ,0 ,0 ,0 | 0 ,0 
-16.667 ,-4.833 ,16.083 ,-5.833 ,0 ,0 | 0 ,0 
-14 ,-4 ,13 ,-4 ,-6 ,0 | 0 ,0 
5 ,1 ,-5 ,-1 ,5 ,-2 | 0 ,0 

R3 --> R3 - 15.2857*R1

1 ,0 ,0 ,0 ,0 ,0 | 0 ,1 
0 ,1 ,0 ,0 ,0 ,0 | 0 ,2 
0 ,2.343 ,-9.986 ,0 ,0 ,0 | 0 ,-15.286 
-16.667 ,-4.833 ,16.083 ,-5.833 ,0 ,0 | 0 ,0 
-14 ,-4 ,13 ,-4 ,-6 ,0 | 0 ,0 
5 ,1 ,-5 ,-1 ,5 ,-2 | 0 ,0 

R4 --> R4 + 16.6667*R1

1 ,0 ,0 ,0 ,0 ,0 | 0 ,1 
0 ,1 ,0 ,0 ,0 ,0 | 0 ,2 
0 ,2.343 ,-9.986 ,0 ,0 ,0 | 0 ,-15.286 
0 ,-4.833 ,16.083 ,-5.833 ,0 ,0 | 0 ,16.667 
-14 ,-4 ,13 ,-4 ,-6 ,0 | 0 ,0 
5 ,1 ,-5 ,-1 ,5 ,-2 | 0 ,0 

R5 --> R5 + 14*R1

1 ,0 ,0 ,0 ,0 ,0 | 0 ,1 
0 ,1 ,0 ,0 ,0 ,0 | 0 ,2 
0 ,2.343 ,-9.986 ,0 ,0 ,0 | 0 ,-15.286 
0 ,-4.833 ,16.083 ,-5.833 ,0 ,0 | 0 ,16.667 
0 ,-4 ,13 ,-4 ,-6 ,0 | 0 ,14 
5 ,1 ,-5 ,-1 ,5 ,-2 | 0 ,0 

R6 --> R6 - 5*R1

1 ,0 ,0 ,0 ,0 ,0 | 0 ,1 
0 ,1 ,0 ,0 ,0 ,0 | 0 ,2 
0 ,2.343 ,-9.986 ,0 ,0 ,0 | 0 ,-15.286 
0 ,-4.833 ,16.083 ,-5.833 ,0 ,0 | 0 ,16.667 
0 ,-4 ,13 ,-4 ,-6 ,0 | 0 ,14 
0 ,1 ,-5 ,-1 ,5 ,-2 | 0 ,-5 

R3 --> R3 - 2.3429*R2

1 ,0 ,0 ,0 ,0 ,0 | 0 ,1 
0 ,1 ,0 ,0 ,0 ,0 | 0 ,2 
0 ,0 ,-9.986 ,0 ,0 ,0 | 0 ,-19.971 
0 ,-4.833 ,16.083 ,-5.833 ,0 ,0 | 0 ,16.667 
0 ,-4 ,13 ,-4 ,-6 ,0 | 0 ,14 
0 ,1 ,-5 ,-1 ,5 ,-2 | 0 ,-5 

R3 --> -0.1001*R3

1 ,0 ,0 ,0 ,0 ,0 | 0 ,1 
0 ,1 ,0 ,0 ,0 ,0 | 0 ,2 
0 ,0 ,1 ,0 ,0 ,0 | 0 ,2 
0 ,-4.833 ,16.083 ,-5.833 ,0 ,0 | 0 ,16.667 
0 ,-4 ,13 ,-4 ,-6 ,0 | 0 ,14 
0 ,1 ,-5 ,-1 ,5 ,-2 | 0 ,-5 

R4 --> R4 + 4.8333*R2

1 ,0 ,0 ,0 ,0 ,0 | 0 ,1 
0 ,1 ,0 ,0 ,0 ,0 | 0 ,2 
0 ,0 ,1 ,0 ,0 ,0 | 0 ,2 
0 ,0 ,16.083 ,-5.833 ,0 ,0 | 0 ,26.333 
0 ,-4 ,13 ,-4 ,-6 ,0 | 0 ,14 
0 ,1 ,-5 ,-1 ,5 ,-2 | 0 ,-5 

R5 --> R5 + 4*R2

1 ,0 ,0 ,0 ,0 ,0 | 0 ,1 
0 ,1 ,0 ,0 ,0 ,0 | 0 ,2 
0 ,0 ,1 ,0 ,0 ,0 | 0 ,2 
0 ,0 ,16.083 ,-5.833 ,0 ,0 | 0 ,26.333 
0 ,0 ,13 ,-4 ,-6 ,0 | 0 ,22 
0 ,1 ,-5 ,-1 ,5 ,-2 | 0 ,-5 

R6 --> R6 - R2

1 ,0 ,0 ,0 ,0 ,0 | 0 ,1 
0 ,1 ,0 ,0 ,0 ,0 | 0 ,2 
0 ,0 ,1 ,0 ,0 ,0 | 0 ,2 
0 ,0 ,16.083 ,-5.833 ,0 ,0 | 0 ,26.333 
0 ,0 ,13 ,-4 ,-6 ,0 | 0 ,22 
0 ,0 ,-5 ,-1 ,5 ,-2 | 0 ,-7 

R4 --> R4 - 16.0833*R3

1 ,0 ,0 ,0 ,0 ,0 | 0 ,1 
0 ,1 ,0 ,0 ,0 ,0 | 0 ,2 
0 ,0 ,1 ,0 ,0 ,0 | 0 ,2 
0 ,0 ,0 ,-5.833 ,0 ,0 | 0 ,-5.833 
0 ,0 ,13 ,-4 ,-6 ,0 | 0 ,22 
0 ,0 ,-5 ,-1 ,5 ,-2 | 0 ,-7 

R4 --> -0.1714*R4

1 ,0 ,0 ,0 ,0 ,0 | 0 ,1 
0 ,1 ,0 ,0 ,0 ,0 | 0 ,2 
0 ,0 ,1 ,0 ,0 ,0 | 0 ,2 
0 ,0 ,0 ,1 ,0 ,0 | 0 ,1 
0 ,0 ,13 ,-4 ,-6 ,0 | 0 ,22 
0 ,0 ,-5 ,-1 ,5 ,-2 | 0 ,-7 

R5 --> R5 - 13*R3

1 ,0 ,0 ,0 ,0 ,0 | 0 ,1 
0 ,1 ,0 ,0 ,0 ,0 | 0 ,2 
0 ,0 ,1 ,0 ,0 ,0 | 0 ,2 
0 ,0 ,0 ,1 ,0 ,0 | 0 ,1 
0 ,0 ,0 ,-4 ,-6 ,0 | 0 ,-4 
0 ,0 ,-5 ,-1 ,5 ,-2 | 0 ,-7 

R6 --> R6 + 5*R3

1 ,0 ,0 ,0 ,0 ,0 | 0 ,1 
0 ,1 ,0 ,0 ,0 ,0 | 0 ,2 
0 ,0 ,1 ,0 ,0 ,0 | 0 ,2 
0 ,0 ,0 ,1 ,0 ,0 | 0 ,1 
0 ,0 ,0 ,-4 ,-6 ,0 | 0 ,-4 
0 ,0 ,0 ,-1 ,5 ,-2 | 0 ,3 

R5 --> R5 + 4*R4

1 ,0 ,0 ,0 ,0 ,0 | 0 ,1 
0 ,1 ,0 ,0 ,0 ,0 | 0 ,2 
0 ,0 ,1 ,0 ,0 ,0 | 0 ,2 
0 ,0 ,0 ,1 ,0 ,0 | 0 ,1 
0 ,0 ,0 ,0 ,-6 ,0 | 0 ,0 
0 ,0 ,0 ,-1 ,5 ,-2 | 0 ,3 

R5 --> -0.1667*R5

1 ,0 ,0 ,0 ,0 ,0 | 0 ,1 
0 ,1 ,0 ,0 ,0 ,0 | 0 ,2 
0 ,0 ,1 ,0 ,0 ,0 | 0 ,2 
0 ,0 ,0 ,1 ,0 ,0 | 0 ,1 
0 ,0 ,0 ,0 ,1 ,0 | 0 ,0 
0 ,0 ,0 ,-1 ,5 ,-2 | 0 ,3 

R6 --> R6 + R4

1 ,0 ,0 ,0 ,0 ,0 | 0 ,1 
0 ,1 ,0 ,0 ,0 ,0 | 0 ,2 
0 ,0 ,1 ,0 ,0 ,0 | 0 ,2 
0 ,0 ,0 ,1 ,0 ,0 | 0 ,1 
0 ,0 ,0 ,0 ,1 ,0 | 0 ,0 
0 ,0 ,0 ,0 ,5 ,-2 | 0 ,4 

R6 --> R6 - 5*R5

1 ,0 ,0 ,0 ,0 ,0 | 0 ,1 
0 ,1 ,0 ,0 ,0 ,0 | 0 ,2 
0 ,0 ,1 ,0 ,0 ,0 | 0 ,2 
0 ,0 ,0 ,1 ,0 ,0 | 0 ,1 
0 ,0 ,0 ,0 ,1 ,0 | 0 ,0 
0 ,0 ,0 ,0 ,0 ,-2 | 0 ,4 

R6 --> -0.5*R6

1 ,0 ,0 ,0 ,0 ,0 | 0 ,1 
0 ,1 ,0 ,0 ,0 ,0 | 0 ,2 
0 ,0 ,1 ,0 ,0 ,0 | 0 ,2 
0 ,0 ,0 ,1 ,0 ,0 | 0 ,1 
0 ,0 ,0 ,0 ,1 ,0 | 0 ,0 
0 ,0 ,0 ,0 ,0 ,1 | 0 ,-2 

solution is infinite set of vectors that linear dependent in line: x = s*( 1 , 2 , 2 , 1 , 0 , -2 )
##################################################################################################################################
Solve The Next System Under Space R6:
  6*x1 + x2 + 3*x3 + 3*x4 - 11*x5 + x6 = -1
  11*x1 - 6*x2 + 5*x3 + 11*x4 - 4*x6 = 41
- 2*x1 - 2*x2 - 4*x3 + 2*x4 - 3*x5 = -30
  2*x1 + 12*x2 - x3 - 7*x4 + 3*x5 = -8
  5*x1 - 11*x2 - 11*x3 + 8*x4 - 8*x5 - 2*x6 = -27
  3*x1 + 2*x2 + 2*x3 - x4 - x5 + x6 = 18

6 ,1 ,3 ,3 ,-11 ,1 | -1 
11 ,-6 ,5 ,11 ,0 ,-4 | 41 
-2 ,-2 ,-4 ,2 ,-3 ,0 | -30 
2 ,12 ,-1 ,-7 ,3 ,0 | -8 
5 ,-11 ,-11 ,8 ,-8 ,-2 | -27 
3 ,2 ,2 ,-1 ,-1 ,1 | 18 

R5 --> R5 + 2*R6

6 ,1 ,3 ,3 ,-11 ,1 | -1 
11 ,-6 ,5 ,11 ,0 ,-4 | 41 
-2 ,-2 ,-4 ,2 ,-3 ,0 | -30 
2 ,12 ,-1 ,-7 ,3 ,0 | -8 
11 ,-7 ,-7 ,6 ,-10 ,0 | 9 
3 ,2 ,2 ,-1 ,-1 ,1 | 18 

R2 --> R2 + 4*R6

6 ,1 ,3 ,3 ,-11 ,1 | -1 
23 ,2 ,13 ,7 ,-4 ,0 | 113 
-2 ,-2 ,-4 ,2 ,-3 ,0 | -30 
2 ,12 ,-1 ,-7 ,3 ,0 | -8 
11 ,-7 ,-7 ,6 ,-10 ,0 | 9 
3 ,2 ,2 ,-1 ,-1 ,1 | 18 

R1 --> R1 - R6

3 ,-1 ,1 ,4 ,-10 ,0 | -19 
23 ,2 ,13 ,7 ,-4 ,0 | 113 
-2 ,-2 ,-4 ,2 ,-3 ,0 | -30 
2 ,12 ,-1 ,-7 ,3 ,0 | -8 
11 ,-7 ,-7 ,6 ,-10 ,0 | 9 
3 ,2 ,2 ,-1 ,-1 ,1 | 18 

R4 --> R4 + 0.3*R5

3 ,-1 ,1 ,4 ,-10 ,0 | -19 
23 ,2 ,13 ,7 ,-4 ,0 | 113 
-2 ,-2 ,-4 ,2 ,-3 ,0 | -30 
5.3 ,9.9 ,-3.1 ,-5.2 ,0 ,0 | -5.3 
11 ,-7 ,-7 ,6 ,-10 ,0 | 9 
3 ,2 ,2 ,-1 ,-1 ,1 | 18 

R3 --> R3 - 0.3*R5

3 ,-1 ,1 ,4 ,-10 ,0 | -19 
23 ,2 ,13 ,7 ,-4 ,0 | 113 
-5.3 ,0.1 ,-1.9 ,0.2 ,0 ,0 | -32.7 
5.3 ,9.9 ,-3.1 ,-5.2 ,0 ,0 | -5.3 
11 ,-7 ,-7 ,6 ,-10 ,0 | 9 
3 ,2 ,2 ,-1 ,-1 ,1 | 18 

R2 --> R2 - 0.4*R5

3 ,-1 ,1 ,4 ,-10 ,0 | -19 
18.6 ,4.8 ,15.8 ,4.6 ,0 ,0 | 109.4 
-5.3 ,0.1 ,-1.9 ,0.2 ,0 ,0 | -32.7 
5.3 ,9.9 ,-3.1 ,-5.2 ,0 ,0 | -5.3 
11 ,-7 ,-7 ,6 ,-10 ,0 | 9 
3 ,2 ,2 ,-1 ,-1 ,1 | 18 

R1 --> R1 - R5

-8 ,6 ,8 ,-2 ,0 ,0 | -28 
18.6 ,4.8 ,15.8 ,4.6 ,0 ,0 | 109.4 
-5.3 ,0.1 ,-1.9 ,0.2 ,0 ,0 | -32.7 
5.3 ,9.9 ,-3.1 ,-5.2 ,0 ,0 | -5.3 
11 ,-7 ,-7 ,6 ,-10 ,0 | 9 
3 ,2 ,2 ,-1 ,-1 ,1 | 18 

R3 --> R3 + 0.0385*R4

-8 ,6 ,8 ,-2 ,0 ,0 | -28 
18.6 ,4.8 ,15.8 ,4.6 ,0 ,0 | 109.4 
-5.096 ,0.481 ,-2.019 ,0 ,0 ,0 | -32.904 
5.3 ,9.9 ,-3.1 ,-5.2 ,0 ,0 | -5.3 
11 ,-7 ,-7 ,6 ,-10 ,0 | 9 
3 ,2 ,2 ,-1 ,-1 ,1 | 18 

R2 --> R2 + 0.8846*R4

-8 ,6 ,8 ,-2 ,0 ,0 | -28 
23.288 ,13.558 ,13.058 ,0 ,0 ,0 | 104.712 
-5.096 ,0.481 ,-2.019 ,0 ,0 ,0 | -32.904 
5.3 ,9.9 ,-3.1 ,-5.2 ,0 ,0 | -5.3 
11 ,-7 ,-7 ,6 ,-10 ,0 | 9 
3 ,2 ,2 ,-1 ,-1 ,1 | 18 

R1 --> R1 - 0.3846*R4

-10.038 ,2.192 ,9.192 ,0 ,0 ,0 | -25.962 
23.288 ,13.558 ,13.058 ,0 ,0 ,0 | 104.712 
-5.096 ,0.481 ,-2.019 ,0 ,0 ,0 | -32.904 
5.3 ,9.9 ,-3.1 ,-5.2 ,0 ,0 | -5.3 
11 ,-7 ,-7 ,6 ,-10 ,0 | 9 
3 ,2 ,2 ,-1 ,-1 ,1 | 18 

R2 --> R2 + 6.4667*R3

-10.038 ,2.192 ,9.192 ,0 ,0 ,0 | -25.962 
-9.667 ,16.667 ,0 ,0 ,0 ,0 | -108.067 
-5.096 ,0.481 ,-2.019 ,0 ,0 ,0 | -32.904 
5.3 ,9.9 ,-3.1 ,-5.2 ,0 ,0 | -5.3 
11 ,-7 ,-7 ,6 ,-10 ,0 | 9 
3 ,2 ,2 ,-1 ,-1 ,1 | 18 

R1 --> R1 + 4.5524*R3

-33.238 ,4.381 ,0 ,0 ,0 ,0 | -175.752 
-9.667 ,16.667 ,0 ,0 ,0 ,0 | -108.067 
-5.096 ,0.481 ,-2.019 ,0 ,0 ,0 | -32.904 
5.3 ,9.9 ,-3.1 ,-5.2 ,0 ,0 | -5.3 
11 ,-7 ,-7 ,6 ,-10 ,0 | 9 
3 ,2 ,2 ,-1 ,-1 ,1 | 18 

R1 --> R1 - 0.2629*R2

-30.697 ,0 ,0 ,0 ,0 ,0 | -147.346 
-9.667 ,16.667 ,0 ,0 ,0 ,0 | -108.067 
-5.096 ,0.481 ,-2.019 ,0 ,0 ,0 | -32.904 
5.3 ,9.9 ,-3.1 ,-5.2 ,0 ,0 | -5.3 
11 ,-7 ,-7 ,6 ,-10 ,0 | 9 
3 ,2 ,2 ,-1 ,-1 ,1 | 18 

R1 --> -0.0326*R1

1 ,0 ,0 ,0 ,0 ,0 | 4.8 
-9.667 ,16.667 ,0 ,0 ,0 ,0 | -108.067 
-5.096 ,0.481 ,-2.019 ,0 ,0 ,0 | -32.904 
5.3 ,9.9 ,-3.1 ,-5.2 ,0 ,0 | -5.3 
11 ,-7 ,-7 ,6 ,-10 ,0 | 9 
3 ,2 ,2 ,-1 ,-1 ,1 | 18 

R2 --> R2 + 9.6667*R1

1 ,0 ,0 ,0 ,0 ,0 | 4.8 
0 ,16.667 ,0 ,0 ,0 ,0 | -61.667 
-5.096 ,0.481 ,-2.019 ,0 ,0 ,0 | -32.904 
5.3 ,9.9 ,-3.1 ,-5.2 ,0 ,0 | -5.3 
11 ,-7 ,-7 ,6 ,-10 ,0 | 9 
3 ,2 ,2 ,-1 ,-1 ,1 | 18 

R2 --> 0.06*R2

1 ,0 ,0 ,0 ,0 ,0 | 4.8 
0 ,1 ,0 ,0 ,0 ,0 | -3.7 
-5.096 ,0.481 ,-2.019 ,0 ,0 ,0 | -32.904 
5.3 ,9.9 ,-3.1 ,-5.2 ,0 ,0 | -5.3 
11 ,-7 ,-7 ,6 ,-10 ,0 | 9 
3 ,2 ,2 ,-1 ,-1 ,1 | 18 

R3 --> R3 + 5.0962*R1

1 ,0 ,0 ,0 ,0 ,0 | 4.8 
0 ,1 ,0 ,0 ,0 ,0 | -3.7 
0 ,0.481 ,-2.019 ,0 ,0 ,0 | -8.442 
5.3 ,9.9 ,-3.1 ,-5.2 ,0 ,0 | -5.3 
11 ,-7 ,-7 ,6 ,-10 ,0 | 9 
3 ,2 ,2 ,-1 ,-1 ,1 | 18 

R4 --> R4 - 5.3*R1

1 ,0 ,0 ,0 ,0 ,0 | 4.8 
0 ,1 ,0 ,0 ,0 ,0 | -3.7 
0 ,0.481 ,-2.019 ,0 ,0 ,0 | -8.442 
0 ,9.9 ,-3.1 ,-5.2 ,0 ,0 | -30.74 
11 ,-7 ,-7 ,6 ,-10 ,0 | 9 
3 ,2 ,2 ,-1 ,-1 ,1 | 18 

R5 --> R5 - 11*R1

1 ,0 ,0 ,0 ,0 ,0 | 4.8 
0 ,1 ,0 ,0 ,0 ,0 | -3.7 
0 ,0.481 ,-2.019 ,0 ,0 ,0 | -8.442 
0 ,9.9 ,-3.1 ,-5.2 ,0 ,0 | -30.74 
0 ,-7 ,-7 ,6 ,-10 ,0 | -43.8 
3 ,2 ,2 ,-1 ,-1 ,1 | 18 

R6 --> R6 - 3*R1

1 ,0 ,0 ,0 ,0 ,0 | 4.8 
0 ,1 ,0 ,0 ,0 ,0 | -3.7 
0 ,0.481 ,-2.019 ,0 ,0 ,0 | -8.442 
0 ,9.9 ,-3.1 ,-5.2 ,0 ,0 | -30.74 
0 ,-7 ,-7 ,6 ,-10 ,0 | -43.8 
0 ,2 ,2 ,-1 ,-1 ,1 | 3.6 

R3 --> R3 - 0.4808*R2

1 ,0 ,0 ,0 ,0 ,0 | 4.8 
0 ,1 ,0 ,0 ,0 ,0 | -3.7 
0 ,0 ,-2.019 ,0 ,0 ,0 | -6.663 
0 ,9.9 ,-3.1 ,-5.2 ,0 ,0 | -30.74 
0 ,-7 ,-7 ,6 ,-10 ,0 | -43.8 
0 ,2 ,2 ,-1 ,-1 ,1 | 3.6 

R3 --> -0.4952*R3

1 ,0 ,0 ,0 ,0 ,0 | 4.8 
0 ,1 ,0 ,0 ,0 ,0 | -3.7 
0 ,0 ,1 ,0 ,0 ,0 | 3.3 
0 ,9.9 ,-3.1 ,-5.2 ,0 ,0 | -30.74 
0 ,-7 ,-7 ,6 ,-10 ,0 | -43.8 
0 ,2 ,2 ,-1 ,-1 ,1 | 3.6 

R4 --> R4 - 9.9*R2

1 ,0 ,0 ,0 ,0 ,0 | 4.8 
0 ,1 ,0 ,0 ,0 ,0 | -3.7 
0 ,0 ,1 ,0 ,0 ,0 | 3.3 
0 ,0 ,-3.1 ,-5.2 ,0 ,0 | 5.89 
0 ,-7 ,-7 ,6 ,-10 ,0 | -43.8 
0 ,2 ,2 ,-1 ,-1 ,1 | 3.6 

R5 --> R5 + 7*R2

1 ,0 ,0 ,0 ,0 ,0 | 4.8 
0 ,1 ,0 ,0 ,0 ,0 | -3.7 
0 ,0 ,1 ,0 ,0 ,0 | 3.3 
0 ,0 ,-3.1 ,-5.2 ,0 ,0 | 5.89 
0 ,0 ,-7 ,6 ,-10 ,0 | -69.7 
0 ,2 ,2 ,-1 ,-1 ,1 | 3.6 

R6 --> R6 - 2*R2

1 ,0 ,0 ,0 ,0 ,0 | 4.8 
0 ,1 ,0 ,0 ,0 ,0 | -3.7 
0 ,0 ,1 ,0 ,0 ,0 | 3.3 
0 ,0 ,-3.1 ,-5.2 ,0 ,0 | 5.89 
0 ,0 ,-7 ,6 ,-10 ,0 | -69.7 
0 ,0 ,2 ,-1 ,-1 ,1 | 11 

R4 --> R4 + 3.1*R3

1 ,0 ,0 ,0 ,0 ,0 | 4.8 
0 ,1 ,0 ,0 ,0 ,0 | -3.7 
0 ,0 ,1 ,0 ,0 ,0 | 3.3 
0 ,0 ,0 ,-5.2 ,0 ,0 | 16.12 
0 ,0 ,-7 ,6 ,-10 ,0 | -69.7 
0 ,0 ,2 ,-1 ,-1 ,1 | 11 

R4 --> -0.1923*R4

1 ,0 ,0 ,0 ,0 ,0 | 4.8 
0 ,1 ,0 ,0 ,0 ,0 | -3.7 
0 ,0 ,1 ,0 ,0 ,0 | 3.3 
0 ,0 ,0 ,1 ,0 ,0 | -3.1 
0 ,0 ,-7 ,6 ,-10 ,0 | -69.7 
0 ,0 ,2 ,-1 ,-1 ,1 | 11 

R5 --> R5 + 7*R3

1 ,0 ,0 ,0 ,0 ,0 | 4.8 
0 ,1 ,0 ,0 ,0 ,0 | -3.7 
0 ,0 ,1 ,0 ,0 ,0 | 3.3 
0 ,0 ,0 ,1 ,0 ,0 | -3.1 
0 ,0 ,0 ,6 ,-10 ,0 | -46.6 
0 ,0 ,2 ,-1 ,-1 ,1 | 11 

R6 --> R6 - 2*R3

1 ,0 ,0 ,0 ,0 ,0 | 4.8 
0 ,1 ,0 ,0 ,0 ,0 | -3.7 
0 ,0 ,1 ,0 ,0 ,0 | 3.3 
0 ,0 ,0 ,1 ,0 ,0 | -3.1 
0 ,0 ,0 ,6 ,-10 ,0 | -46.6 
0 ,0 ,0 ,-1 ,-1 ,1 | 4.4 

R5 --> R5 - 6*R4

1 ,0 ,0 ,0 ,0 ,0 | 4.8 
0 ,1 ,0 ,0 ,0 ,0 | -3.7 
0 ,0 ,1 ,0 ,0 ,0 | 3.3 
0 ,0 ,0 ,1 ,0 ,0 | -3.1 
0 ,0 ,0 ,0 ,-10 ,0 | -28 
0 ,0 ,0 ,-1 ,-1 ,1 | 4.4 

R5 --> -0.1*R5

1 ,0 ,0 ,0 ,0 ,0 | 4.8 
0 ,1 ,0 ,0 ,0 ,0 | -3.7 
0 ,0 ,1 ,0 ,0 ,0 | 3.3 
0 ,0 ,0 ,1 ,0 ,0 | -3.1 
0 ,0 ,0 ,0 ,1 ,0 | 2.8 
0 ,0 ,0 ,-1 ,-1 ,1 | 4.4 

R6 --> R6 + R4

1 ,0 ,0 ,0 ,0 ,0 | 4.8 
0 ,1 ,0 ,0 ,0 ,0 | -3.7 
0 ,0 ,1 ,0 ,0 ,0 | 3.3 
0 ,0 ,0 ,1 ,0 ,0 | -3.1 
0 ,0 ,0 ,0 ,1 ,0 | 2.8 
0 ,0 ,0 ,0 ,-1 ,1 | 1.3 

R6 --> R6 + R5

1 ,0 ,0 ,0 ,0 ,0 | 4.8 
0 ,1 ,0 ,0 ,0 ,0 | -3.7 
0 ,0 ,1 ,0 ,0 ,0 | 3.3 
0 ,0 ,0 ,1 ,0 ,0 | -3.1 
0 ,0 ,0 ,0 ,1 ,0 | 2.8 
0 ,0 ,0 ,0 ,0 ,1 | 4.1 

exist single solution for the system that is: x = ( 4.8 , -3.7 , 3.3 , -3.1 , 2.8 , 4.1 )
