Solve The Next System Under Space R7:
eq1: -   x1        + 4*x3 -   x4 - 2*x5 + 5*x6 -   x7 = 6
eq2: + 6*x1 - 7*x2 + 7*x3 +   x4 - 7*x5 - 6*x6 + 5*x7 = -12
eq3:        + 2*x2 + 6*x3 +   x4 - 7*x5 + 6*x6 +   x7 = 8
eq4: + 2*x1 + 2*x2        - 2*x4 - 6*x5 + 6*x6 - 5*x7 = 20
eq5: + 3*x1 + 3*x2 - 3*x3 +   x4 + 7*x5 -   x6 - 2*x7 = -3
eq6: +   x1 - 5*x2 +   x3 - 4*x4 + 3*x5 +   x6 - 4*x7 = -4
eq7: + 7*x1 - 5*x2 + 5*x3        - 4*x5 - 4*x6 +   x7 = -6

-1 ,0 ,4 ,-1 ,-2 ,5 ,-1 | 6 
6 ,-7 ,7 ,1 ,-7 ,-6 ,5 | -12 
0 ,2 ,6 ,1 ,-7 ,6 ,1 | 8 
2 ,2 ,0 ,-2 ,-6 ,6 ,-5 | 20 
3 ,3 ,-3 ,1 ,7 ,-1 ,-2 | -3 
1 ,-5 ,1 ,-4 ,3 ,1 ,-4 | -4 
7 ,-5 ,5 ,0 ,-4 ,-4 ,1 | -6 

R6 --> R6 + 4*R7

-1 ,0 ,4 ,-1 ,-2 ,5 ,-1 | 6 
6 ,-7 ,7 ,1 ,-7 ,-6 ,5 | -12 
0 ,2 ,6 ,1 ,-7 ,6 ,1 | 8 
2 ,2 ,0 ,-2 ,-6 ,6 ,-5 | 20 
3 ,3 ,-3 ,1 ,7 ,-1 ,-2 | -3 
29 ,-25 ,21 ,-4 ,-13 ,-15 ,0 | -28 
7 ,-5 ,5 ,0 ,-4 ,-4 ,1 | -6 

R5 --> R5 + 2*R7

-1 ,0 ,4 ,-1 ,-2 ,5 ,-1 | 6 
6 ,-7 ,7 ,1 ,-7 ,-6 ,5 | -12 
0 ,2 ,6 ,1 ,-7 ,6 ,1 | 8 
2 ,2 ,0 ,-2 ,-6 ,6 ,-5 | 20 
17 ,-7 ,7 ,1 ,-1 ,-9 ,0 | -15 
29 ,-25 ,21 ,-4 ,-13 ,-15 ,0 | -28 
7 ,-5 ,5 ,0 ,-4 ,-4 ,1 | -6 

R4 --> R4 + 5*R7

-1 ,0 ,4 ,-1 ,-2 ,5 ,-1 | 6 
6 ,-7 ,7 ,1 ,-7 ,-6 ,5 | -12 
0 ,2 ,6 ,1 ,-7 ,6 ,1 | 8 
37 ,-23 ,25 ,-2 ,-26 ,-14 ,0 | -10 
17 ,-7 ,7 ,1 ,-1 ,-9 ,0 | -15 
29 ,-25 ,21 ,-4 ,-13 ,-15 ,0 | -28 
7 ,-5 ,5 ,0 ,-4 ,-4 ,1 | -6 

R3 --> R3 - R7

-1 ,0 ,4 ,-1 ,-2 ,5 ,-1 | 6 
6 ,-7 ,7 ,1 ,-7 ,-6 ,5 | -12 
-7 ,7 ,1 ,1 ,-3 ,10 ,0 | 14 
37 ,-23 ,25 ,-2 ,-26 ,-14 ,0 | -10 
17 ,-7 ,7 ,1 ,-1 ,-9 ,0 | -15 
29 ,-25 ,21 ,-4 ,-13 ,-15 ,0 | -28 
7 ,-5 ,5 ,0 ,-4 ,-4 ,1 | -6 

R2 --> R2 - 5*R7

-1 ,0 ,4 ,-1 ,-2 ,5 ,-1 | 6 
-29 ,18 ,-18 ,1 ,13 ,14 ,0 | 18 
-7 ,7 ,1 ,1 ,-3 ,10 ,0 | 14 
37 ,-23 ,25 ,-2 ,-26 ,-14 ,0 | -10 
17 ,-7 ,7 ,1 ,-1 ,-9 ,0 | -15 
29 ,-25 ,21 ,-4 ,-13 ,-15 ,0 | -28 
7 ,-5 ,5 ,0 ,-4 ,-4 ,1 | -6 

R1 --> R1 + R7

6 ,-5 ,9 ,-1 ,-6 ,1 ,0 | 0 
-29 ,18 ,-18 ,1 ,13 ,14 ,0 | 18 
-7 ,7 ,1 ,1 ,-3 ,10 ,0 | 14 
37 ,-23 ,25 ,-2 ,-26 ,-14 ,0 | -10 
17 ,-7 ,7 ,1 ,-1 ,-9 ,0 | -15 
29 ,-25 ,21 ,-4 ,-13 ,-15 ,0 | -28 
7 ,-5 ,5 ,0 ,-4 ,-4 ,1 | -6 

R5 --> R5 - 0.6*R6

6 ,-5 ,9 ,-1 ,-6 ,1 ,0 | 0 
-29 ,18 ,-18 ,1 ,13 ,14 ,0 | 18 
-7 ,7 ,1 ,1 ,-3 ,10 ,0 | 14 
37 ,-23 ,25 ,-2 ,-26 ,-14 ,0 | -10 
-0.4 ,8 ,-5.6 ,3.4 ,6.8 ,0 ,0 | 1.8 
29 ,-25 ,21 ,-4 ,-13 ,-15 ,0 | -28 
7 ,-5 ,5 ,0 ,-4 ,-4 ,1 | -6 

R4 --> R4 - 0.9333*R6

6 ,-5 ,9 ,-1 ,-6 ,1 ,0 | 0 
-29 ,18 ,-18 ,1 ,13 ,14 ,0 | 18 
-7 ,7 ,1 ,1 ,-3 ,10 ,0 | 14 
9.933 ,0.333 ,5.4 ,1.733 ,-13.867 ,0 ,0 | 16.133 
-0.4 ,8 ,-5.6 ,3.4 ,6.8 ,0 ,0 | 1.8 
29 ,-25 ,21 ,-4 ,-13 ,-15 ,0 | -28 
7 ,-5 ,5 ,0 ,-4 ,-4 ,1 | -6 

R3 --> R3 + 0.6667*R6

6 ,-5 ,9 ,-1 ,-6 ,1 ,0 | 0 
-29 ,18 ,-18 ,1 ,13 ,14 ,0 | 18 
12.333 ,-9.667 ,15 ,-1.667 ,-11.667 ,0 ,0 | -4.667 
9.933 ,0.333 ,5.4 ,1.733 ,-13.867 ,0 ,0 | 16.133 
-0.4 ,8 ,-5.6 ,3.4 ,6.8 ,0 ,0 | 1.8 
29 ,-25 ,21 ,-4 ,-13 ,-15 ,0 | -28 
7 ,-5 ,5 ,0 ,-4 ,-4 ,1 | -6 

R2 --> R2 + 0.9333*R6

6 ,-5 ,9 ,-1 ,-6 ,1 ,0 | 0 
-1.933 ,-5.333 ,1.6 ,-2.733 ,0.867 ,0 ,0 | -8.133 
12.333 ,-9.667 ,15 ,-1.667 ,-11.667 ,0 ,0 | -4.667 
9.933 ,0.333 ,5.4 ,1.733 ,-13.867 ,0 ,0 | 16.133 
-0.4 ,8 ,-5.6 ,3.4 ,6.8 ,0 ,0 | 1.8 
29 ,-25 ,21 ,-4 ,-13 ,-15 ,0 | -28 
7 ,-5 ,5 ,0 ,-4 ,-4 ,1 | -6 

R1 --> R1 + 0.0667*R6

7.933 ,-6.667 ,10.4 ,-1.267 ,-6.867 ,0 ,0 | -1.867 
-1.933 ,-5.333 ,1.6 ,-2.733 ,0.867 ,0 ,0 | -8.133 
12.333 ,-9.667 ,15 ,-1.667 ,-11.667 ,0 ,0 | -4.667 
9.933 ,0.333 ,5.4 ,1.733 ,-13.867 ,0 ,0 | 16.133 
-0.4 ,8 ,-5.6 ,3.4 ,6.8 ,0 ,0 | 1.8 
29 ,-25 ,21 ,-4 ,-13 ,-15 ,0 | -28 
7 ,-5 ,5 ,0 ,-4 ,-4 ,1 | -6 

R4 --> R4 + 2.0392*R5

7.933 ,-6.667 ,10.4 ,-1.267 ,-6.867 ,0 ,0 | -1.867 
-1.933 ,-5.333 ,1.6 ,-2.733 ,0.867 ,0 ,0 | -8.133 
12.333 ,-9.667 ,15 ,-1.667 ,-11.667 ,0 ,0 | -4.667 
9.118 ,16.647 ,-6.02 ,8.667 ,0 ,0 ,0 | 19.804 
-0.4 ,8 ,-5.6 ,3.4 ,6.8 ,0 ,0 | 1.8 
29 ,-25 ,21 ,-4 ,-13 ,-15 ,0 | -28 
7 ,-5 ,5 ,0 ,-4 ,-4 ,1 | -6 

R3 --> R3 + 1.7157*R5

7.933 ,-6.667 ,10.4 ,-1.267 ,-6.867 ,0 ,0 | -1.867 
-1.933 ,-5.333 ,1.6 ,-2.733 ,0.867 ,0 ,0 | -8.133 
11.647 ,4.059 ,5.392 ,4.167 ,0 ,0 ,0 | -1.578 
9.118 ,16.647 ,-6.02 ,8.667 ,0 ,0 ,0 | 19.804 
-0.4 ,8 ,-5.6 ,3.4 ,6.8 ,0 ,0 | 1.8 
29 ,-25 ,21 ,-4 ,-13 ,-15 ,0 | -28 
7 ,-5 ,5 ,0 ,-4 ,-4 ,1 | -6 

R2 --> R2 - 0.1275*R5

7.933 ,-6.667 ,10.4 ,-1.267 ,-6.867 ,0 ,0 | -1.867 
-1.882 ,-6.353 ,2.314 ,-3.167 ,0 ,0 ,0 | -8.363 
11.647 ,4.059 ,5.392 ,4.167 ,0 ,0 ,0 | -1.578 
9.118 ,16.647 ,-6.02 ,8.667 ,0 ,0 ,0 | 19.804 
-0.4 ,8 ,-5.6 ,3.4 ,6.8 ,0 ,0 | 1.8 
29 ,-25 ,21 ,-4 ,-13 ,-15 ,0 | -28 
7 ,-5 ,5 ,0 ,-4 ,-4 ,1 | -6 

R1 --> R1 + 1.0098*R5

7.529 ,1.412 ,4.745 ,2.167 ,0 ,0 ,0 | -0.049 
-1.882 ,-6.353 ,2.314 ,-3.167 ,0 ,0 ,0 | -8.363 
11.647 ,4.059 ,5.392 ,4.167 ,0 ,0 ,0 | -1.578 
9.118 ,16.647 ,-6.02 ,8.667 ,0 ,0 ,0 | 19.804 
-0.4 ,8 ,-5.6 ,3.4 ,6.8 ,0 ,0 | 1.8 
29 ,-25 ,21 ,-4 ,-13 ,-15 ,0 | -28 
7 ,-5 ,5 ,0 ,-4 ,-4 ,1 | -6 

R3 --> R3 - 0.4808*R4

7.529 ,1.412 ,4.745 ,2.167 ,0 ,0 ,0 | -0.049 
-1.882 ,-6.353 ,2.314 ,-3.167 ,0 ,0 ,0 | -8.363 
7.264 ,-3.945 ,8.286 ,0 ,0 ,0 ,0 | -11.1 
9.118 ,16.647 ,-6.02 ,8.667 ,0 ,0 ,0 | 19.804 
-0.4 ,8 ,-5.6 ,3.4 ,6.8 ,0 ,0 | 1.8 
29 ,-25 ,21 ,-4 ,-13 ,-15 ,0 | -28 
7 ,-5 ,5 ,0 ,-4 ,-4 ,1 | -6 

R2 --> R2 + 0.3654*R4

7.529 ,1.412 ,4.745 ,2.167 ,0 ,0 ,0 | -0.049 
1.449 ,-0.27 ,0.114 ,0 ,0 ,0 ,0 | -1.127 
7.264 ,-3.945 ,8.286 ,0 ,0 ,0 ,0 | -11.1 
9.118 ,16.647 ,-6.02 ,8.667 ,0 ,0 ,0 | 19.804 
-0.4 ,8 ,-5.6 ,3.4 ,6.8 ,0 ,0 | 1.8 
29 ,-25 ,21 ,-4 ,-13 ,-15 ,0 | -28 
7 ,-5 ,5 ,0 ,-4 ,-4 ,1 | -6 

R1 --> R1 - 0.25*R4

5.25 ,-2.75 ,6.25 ,0 ,0 ,0 ,0 | -5 
1.449 ,-0.27 ,0.114 ,0 ,0 ,0 ,0 | -1.127 
7.264 ,-3.945 ,8.286 ,0 ,0 ,0 ,0 | -11.1 
9.118 ,16.647 ,-6.02 ,8.667 ,0 ,0 ,0 | 19.804 
-0.4 ,8 ,-5.6 ,3.4 ,6.8 ,0 ,0 | 1.8 
29 ,-25 ,21 ,-4 ,-13 ,-15 ,0 | -28 
7 ,-5 ,5 ,0 ,-4 ,-4 ,1 | -6 

R2 --> R2 - 0.0138*R3

5.25 ,-2.75 ,6.25 ,0 ,0 ,0 ,0 | -5 
1.349 ,-0.216 ,0 ,0 ,0 ,0 ,0 | -0.974 
7.264 ,-3.945 ,8.286 ,0 ,0 ,0 ,0 | -11.1 
9.118 ,16.647 ,-6.02 ,8.667 ,0 ,0 ,0 | 19.804 
-0.4 ,8 ,-5.6 ,3.4 ,6.8 ,0 ,0 | 1.8 
29 ,-25 ,21 ,-4 ,-13 ,-15 ,0 | -28 
7 ,-5 ,5 ,0 ,-4 ,-4 ,1 | -6 

R1 --> R1 - 0.7543*R3

-0.229 ,0.225 ,0 ,0 ,0 ,0 ,0 | 3.372 
1.349 ,-0.216 ,0 ,0 ,0 ,0 ,0 | -0.974 
7.264 ,-3.945 ,8.286 ,0 ,0 ,0 ,0 | -11.1 
9.118 ,16.647 ,-6.02 ,8.667 ,0 ,0 ,0 | 19.804 
-0.4 ,8 ,-5.6 ,3.4 ,6.8 ,0 ,0 | 1.8 
29 ,-25 ,21 ,-4 ,-13 ,-15 ,0 | -28 
7 ,-5 ,5 ,0 ,-4 ,-4 ,1 | -6 

R1 --> R1 + 1.043*R2

1.178 ,0 ,0 ,0 ,0 ,0 ,0 | 2.357 
1.349 ,-0.216 ,0 ,0 ,0 ,0 ,0 | -0.974 
7.264 ,-3.945 ,8.286 ,0 ,0 ,0 ,0 | -11.1 
9.118 ,16.647 ,-6.02 ,8.667 ,0 ,0 ,0 | 19.804 
-0.4 ,8 ,-5.6 ,3.4 ,6.8 ,0 ,0 | 1.8 
29 ,-25 ,21 ,-4 ,-13 ,-15 ,0 | -28 
7 ,-5 ,5 ,0 ,-4 ,-4 ,1 | -6 

R1 --> 0.8487*R1

1 ,0 ,0 ,0 ,0 ,0 ,0 | 2 
1.349 ,-0.216 ,0 ,0 ,0 ,0 ,0 | -0.974 
7.264 ,-3.945 ,8.286 ,0 ,0 ,0 ,0 | -11.1 
9.118 ,16.647 ,-6.02 ,8.667 ,0 ,0 ,0 | 19.804 
-0.4 ,8 ,-5.6 ,3.4 ,6.8 ,0 ,0 | 1.8 
29 ,-25 ,21 ,-4 ,-13 ,-15 ,0 | -28 
7 ,-5 ,5 ,0 ,-4 ,-4 ,1 | -6 

R2 --> R2 - 1.3489*R1

1 ,0 ,0 ,0 ,0 ,0 ,0 | 2 
0 ,-0.216 ,0 ,0 ,0 ,0 ,0 | -3.672 
7.264 ,-3.945 ,8.286 ,0 ,0 ,0 ,0 | -11.1 
9.118 ,16.647 ,-6.02 ,8.667 ,0 ,0 ,0 | 19.804 
-0.4 ,8 ,-5.6 ,3.4 ,6.8 ,0 ,0 | 1.8 
29 ,-25 ,21 ,-4 ,-13 ,-15 ,0 | -28 
7 ,-5 ,5 ,0 ,-4 ,-4 ,1 | -6 

R2 --> -4.6302*R2

1 ,0 ,0 ,0 ,0 ,0 ,0 | 2 
0 ,1 ,0 ,0 ,0 ,0 ,0 | 17 
7.264 ,-3.945 ,8.286 ,0 ,0 ,0 ,0 | -11.1 
9.118 ,16.647 ,-6.02 ,8.667 ,0 ,0 ,0 | 19.804 
-0.4 ,8 ,-5.6 ,3.4 ,6.8 ,0 ,0 | 1.8 
29 ,-25 ,21 ,-4 ,-13 ,-15 ,0 | -28 
7 ,-5 ,5 ,0 ,-4 ,-4 ,1 | -6 

R3 --> R3 - 7.2636*R1

1 ,0 ,0 ,0 ,0 ,0 ,0 | 2 
0 ,1 ,0 ,0 ,0 ,0 ,0 | 17 
0 ,-3.945 ,8.286 ,0 ,0 ,0 ,0 | -25.627 
9.118 ,16.647 ,-6.02 ,8.667 ,0 ,0 ,0 | 19.804 
-0.4 ,8 ,-5.6 ,3.4 ,6.8 ,0 ,0 | 1.8 
29 ,-25 ,21 ,-4 ,-13 ,-15 ,0 | -28 
7 ,-5 ,5 ,0 ,-4 ,-4 ,1 | -6 

R4 --> R4 - 9.1176*R1

1 ,0 ,0 ,0 ,0 ,0 ,0 | 2 
0 ,1 ,0 ,0 ,0 ,0 ,0 | 17 
0 ,-3.945 ,8.286 ,0 ,0 ,0 ,0 | -25.627 
0 ,16.647 ,-6.02 ,8.667 ,0 ,0 ,0 | 1.569 
-0.4 ,8 ,-5.6 ,3.4 ,6.8 ,0 ,0 | 1.8 
29 ,-25 ,21 ,-4 ,-13 ,-15 ,0 | -28 
7 ,-5 ,5 ,0 ,-4 ,-4 ,1 | -6 

R5 --> R5 + 0.4*R1

1 ,0 ,0 ,0 ,0 ,0 ,0 | 2 
0 ,1 ,0 ,0 ,0 ,0 ,0 | 17 
0 ,-3.945 ,8.286 ,0 ,0 ,0 ,0 | -25.627 
0 ,16.647 ,-6.02 ,8.667 ,0 ,0 ,0 | 1.569 
0 ,8 ,-5.6 ,3.4 ,6.8 ,0 ,0 | 2.6 
29 ,-25 ,21 ,-4 ,-13 ,-15 ,0 | -28 
7 ,-5 ,5 ,0 ,-4 ,-4 ,1 | -6 

R6 --> R6 - 29*R1

1 ,0 ,0 ,0 ,0 ,0 ,0 | 2 
0 ,1 ,0 ,0 ,0 ,0 ,0 | 17 
0 ,-3.945 ,8.286 ,0 ,0 ,0 ,0 | -25.627 
0 ,16.647 ,-6.02 ,8.667 ,0 ,0 ,0 | 1.569 
0 ,8 ,-5.6 ,3.4 ,6.8 ,0 ,0 | 2.6 
0 ,-25 ,21 ,-4 ,-13 ,-15 ,0 | -86 
7 ,-5 ,5 ,0 ,-4 ,-4 ,1 | -6 

R7 --> R7 - 7*R1

1 ,0 ,0 ,0 ,0 ,0 ,0 | 2 
0 ,1 ,0 ,0 ,0 ,0 ,0 | 17 
0 ,-3.945 ,8.286 ,0 ,0 ,0 ,0 | -25.627 
0 ,16.647 ,-6.02 ,8.667 ,0 ,0 ,0 | 1.569 
0 ,8 ,-5.6 ,3.4 ,6.8 ,0 ,0 | 2.6 
0 ,-25 ,21 ,-4 ,-13 ,-15 ,0 | -86 
0 ,-5 ,5 ,0 ,-4 ,-4 ,1 | -20 

R3 --> R3 + 3.9446*R2

1 ,0 ,0 ,0 ,0 ,0 ,0 | 2 
0 ,1 ,0 ,0 ,0 ,0 ,0 | 17 
0 ,0 ,8.286 ,0 ,0 ,0 ,0 | 41.431 
0 ,16.647 ,-6.02 ,8.667 ,0 ,0 ,0 | 1.569 
0 ,8 ,-5.6 ,3.4 ,6.8 ,0 ,0 | 2.6 
0 ,-25 ,21 ,-4 ,-13 ,-15 ,0 | -86 
0 ,-5 ,5 ,0 ,-4 ,-4 ,1 | -20 

R3 --> 0.1207*R3

1 ,0 ,0 ,0 ,0 ,0 ,0 | 2 
0 ,1 ,0 ,0 ,0 ,0 ,0 | 17 
0 ,0 ,1 ,0 ,0 ,0 ,0 | 5 
0 ,16.647 ,-6.02 ,8.667 ,0 ,0 ,0 | 1.569 
0 ,8 ,-5.6 ,3.4 ,6.8 ,0 ,0 | 2.6 
0 ,-25 ,21 ,-4 ,-13 ,-15 ,0 | -86 
0 ,-5 ,5 ,0 ,-4 ,-4 ,1 | -20 

R4 --> R4 - 16.6471*R2

1 ,0 ,0 ,0 ,0 ,0 ,0 | 2 
0 ,1 ,0 ,0 ,0 ,0 ,0 | 17 
0 ,0 ,1 ,0 ,0 ,0 ,0 | 5 
0 ,0 ,-6.02 ,8.667 ,0 ,0 ,0 | -281.431 
0 ,8 ,-5.6 ,3.4 ,6.8 ,0 ,0 | 2.6 
0 ,-25 ,21 ,-4 ,-13 ,-15 ,0 | -86 
0 ,-5 ,5 ,0 ,-4 ,-4 ,1 | -20 

R5 --> R5 - 8*R2

1 ,0 ,0 ,0 ,0 ,0 ,0 | 2 
0 ,1 ,0 ,0 ,0 ,0 ,0 | 17 
0 ,0 ,1 ,0 ,0 ,0 ,0 | 5 
0 ,0 ,-6.02 ,8.667 ,0 ,0 ,0 | -281.431 
0 ,0 ,-5.6 ,3.4 ,6.8 ,0 ,0 | -133.4 
0 ,-25 ,21 ,-4 ,-13 ,-15 ,0 | -86 
0 ,-5 ,5 ,0 ,-4 ,-4 ,1 | -20 

R6 --> R6 + 25*R2

1 ,0 ,0 ,0 ,0 ,0 ,0 | 2 
0 ,1 ,0 ,0 ,0 ,0 ,0 | 17 
0 ,0 ,1 ,0 ,0 ,0 ,0 | 5 
0 ,0 ,-6.02 ,8.667 ,0 ,0 ,0 | -281.431 
0 ,0 ,-5.6 ,3.4 ,6.8 ,0 ,0 | -133.4 
0 ,0 ,21 ,-4 ,-13 ,-15 ,0 | 339 
0 ,-5 ,5 ,0 ,-4 ,-4 ,1 | -20 

R7 --> R7 + 5*R2

1 ,0 ,0 ,0 ,0 ,0 ,0 | 2 
0 ,1 ,0 ,0 ,0 ,0 ,0 | 17 
0 ,0 ,1 ,0 ,0 ,0 ,0 | 5 
0 ,0 ,-6.02 ,8.667 ,0 ,0 ,0 | -281.431 
0 ,0 ,-5.6 ,3.4 ,6.8 ,0 ,0 | -133.4 
0 ,0 ,21 ,-4 ,-13 ,-15 ,0 | 339 
0 ,0 ,5 ,0 ,-4 ,-4 ,1 | 65 

R4 --> R4 + 6.0196*R3

1 ,0 ,0 ,0 ,0 ,0 ,0 | 2 
0 ,1 ,0 ,0 ,0 ,0 ,0 | 17 
0 ,0 ,1 ,0 ,0 ,0 ,0 | 5 
0 ,0 ,0 ,8.667 ,0 ,0 ,0 | -251.333 
0 ,0 ,-5.6 ,3.4 ,6.8 ,0 ,0 | -133.4 
0 ,0 ,21 ,-4 ,-13 ,-15 ,0 | 339 
0 ,0 ,5 ,0 ,-4 ,-4 ,1 | 65 

R4 --> 0.1154*R4

1 ,0 ,0 ,0 ,0 ,0 ,0 | 2 
0 ,1 ,0 ,0 ,0 ,0 ,0 | 17 
0 ,0 ,1 ,0 ,0 ,0 ,0 | 5 
0 ,0 ,0 ,1 ,0 ,0 ,0 | -29 
0 ,0 ,-5.6 ,3.4 ,6.8 ,0 ,0 | -133.4 
0 ,0 ,21 ,-4 ,-13 ,-15 ,0 | 339 
0 ,0 ,5 ,0 ,-4 ,-4 ,1 | 65 

R5 --> R5 + 5.6*R3

1 ,0 ,0 ,0 ,0 ,0 ,0 | 2 
0 ,1 ,0 ,0 ,0 ,0 ,0 | 17 
0 ,0 ,1 ,0 ,0 ,0 ,0 | 5 
0 ,0 ,0 ,1 ,0 ,0 ,0 | -29 
0 ,0 ,0 ,3.4 ,6.8 ,0 ,0 | -105.4 
0 ,0 ,21 ,-4 ,-13 ,-15 ,0 | 339 
0 ,0 ,5 ,0 ,-4 ,-4 ,1 | 65 

R6 --> R6 - 21*R3

1 ,0 ,0 ,0 ,0 ,0 ,0 | 2 
0 ,1 ,0 ,0 ,0 ,0 ,0 | 17 
0 ,0 ,1 ,0 ,0 ,0 ,0 | 5 
0 ,0 ,0 ,1 ,0 ,0 ,0 | -29 
0 ,0 ,0 ,3.4 ,6.8 ,0 ,0 | -105.4 
0 ,0 ,0 ,-4 ,-13 ,-15 ,0 | 234 
0 ,0 ,5 ,0 ,-4 ,-4 ,1 | 65 

R7 --> R7 - 5*R3

1 ,0 ,0 ,0 ,0 ,0 ,0 | 2 
0 ,1 ,0 ,0 ,0 ,0 ,0 | 17 
0 ,0 ,1 ,0 ,0 ,0 ,0 | 5 
0 ,0 ,0 ,1 ,0 ,0 ,0 | -29 
0 ,0 ,0 ,3.4 ,6.8 ,0 ,0 | -105.4 
0 ,0 ,0 ,-4 ,-13 ,-15 ,0 | 234 
0 ,0 ,0 ,0 ,-4 ,-4 ,1 | 40 

R5 --> R5 - 3.4*R4

1 ,0 ,0 ,0 ,0 ,0 ,0 | 2 
0 ,1 ,0 ,0 ,0 ,0 ,0 | 17 
0 ,0 ,1 ,0 ,0 ,0 ,0 | 5 
0 ,0 ,0 ,1 ,0 ,0 ,0 | -29 
0 ,0 ,0 ,0 ,6.8 ,0 ,0 | -6.8 
0 ,0 ,0 ,-4 ,-13 ,-15 ,0 | 234 
0 ,0 ,0 ,0 ,-4 ,-4 ,1 | 40 

R5 --> 0.1471*R5

1 ,0 ,0 ,0 ,0 ,0 ,0 | 2 
0 ,1 ,0 ,0 ,0 ,0 ,0 | 17 
0 ,0 ,1 ,0 ,0 ,0 ,0 | 5 
0 ,0 ,0 ,1 ,0 ,0 ,0 | -29 
0 ,0 ,0 ,0 ,1 ,0 ,0 | -1 
0 ,0 ,0 ,-4 ,-13 ,-15 ,0 | 234 
0 ,0 ,0 ,0 ,-4 ,-4 ,1 | 40 

R6 --> R6 + 4*R4

1 ,0 ,0 ,0 ,0 ,0 ,0 | 2 
0 ,1 ,0 ,0 ,0 ,0 ,0 | 17 
0 ,0 ,1 ,0 ,0 ,0 ,0 | 5 
0 ,0 ,0 ,1 ,0 ,0 ,0 | -29 
0 ,0 ,0 ,0 ,1 ,0 ,0 | -1 
0 ,0 ,0 ,0 ,-13 ,-15 ,0 | 118 
0 ,0 ,0 ,0 ,-4 ,-4 ,1 | 40 

R6 --> R6 + 13*R5

1 ,0 ,0 ,0 ,0 ,0 ,0 | 2 
0 ,1 ,0 ,0 ,0 ,0 ,0 | 17 
0 ,0 ,1 ,0 ,0 ,0 ,0 | 5 
0 ,0 ,0 ,1 ,0 ,0 ,0 | -29 
0 ,0 ,0 ,0 ,1 ,0 ,0 | -1 
0 ,0 ,0 ,0 ,0 ,-15 ,0 | 105 
0 ,0 ,0 ,0 ,-4 ,-4 ,1 | 40 

R6 --> -0.0667*R6

1 ,0 ,0 ,0 ,0 ,0 ,0 | 2 
0 ,1 ,0 ,0 ,0 ,0 ,0 | 17 
0 ,0 ,1 ,0 ,0 ,0 ,0 | 5 
0 ,0 ,0 ,1 ,0 ,0 ,0 | -29 
0 ,0 ,0 ,0 ,1 ,0 ,0 | -1 
0 ,0 ,0 ,0 ,0 ,1 ,0 | -7 
0 ,0 ,0 ,0 ,-4 ,-4 ,1 | 40 

R7 --> R7 + 4*R5

1 ,0 ,0 ,0 ,0 ,0 ,0 | 2 
0 ,1 ,0 ,0 ,0 ,0 ,0 | 17 
0 ,0 ,1 ,0 ,0 ,0 ,0 | 5 
0 ,0 ,0 ,1 ,0 ,0 ,0 | -29 
0 ,0 ,0 ,0 ,1 ,0 ,0 | -1 
0 ,0 ,0 ,0 ,0 ,1 ,0 | -7 
0 ,0 ,0 ,0 ,0 ,-4 ,1 | 36 

R7 --> R7 + 4*R6

1 ,0 ,0 ,0 ,0 ,0 ,0 | 2 
0 ,1 ,0 ,0 ,0 ,0 ,0 | 17 
0 ,0 ,1 ,0 ,0 ,0 ,0 | 5 
0 ,0 ,0 ,1 ,0 ,0 ,0 | -29 
0 ,0 ,0 ,0 ,1 ,0 ,0 | -1 
0 ,0 ,0 ,0 ,0 ,1 ,0 | -7 
0 ,0 ,0 ,0 ,0 ,0 ,1 | 8 

exist single solution for the system that is: x = ( 2 , 17 , 5 , -29 , -1 , -7 , 8 )
##################################################################################################################################
Solve The Next System Under Space R7:
eq1:        - 4*x2 - 2*x3 + 7*x4 + 7*x5 +   x6        = 3
eq2:        + 2*x2 + 3*x3 +   x4 + 2*x5 + 3*x6        = 8
eq3:        -   x2 -   x3 - 5*x4 + 2*x5 - 3*x6 -   x7 = 9
eq4: + 2*x1 +   x2 + 3*x3        - 5*x5 +   x6 - 6*x7 = 11
eq5: + 2*x1 + 4*x2        + 4*x4 - 3*x5 + 2*x6 + 4*x7 = 14
eq6: + 4*x1 + 2*x2 + 6*x3 + 3*x4        - 4*x6 - 2*x7 = 18
eq7: + 6*x1 + 2*x2 + 5*x3 - 3*x4 - 3*x5 - 4*x6 - 2*x7 = 18

0 ,-4 ,-2 ,7 ,7 ,1 ,0 | 3 
0 ,2 ,3 ,1 ,2 ,3 ,0 | 8 
0 ,-1 ,-1 ,-5 ,2 ,-3 ,-1 | 9 
2 ,1 ,3 ,0 ,-5 ,1 ,-6 | 11 
2 ,4 ,0 ,4 ,-3 ,2 ,4 | 14 
4 ,2 ,6 ,3 ,0 ,-4 ,-2 | 18 
6 ,2 ,5 ,-3 ,-3 ,-4 ,-2 | 18 

R6 --> R6 - R7

0 ,-4 ,-2 ,7 ,7 ,1 ,0 | 3 
0 ,2 ,3 ,1 ,2 ,3 ,0 | 8 
0 ,-1 ,-1 ,-5 ,2 ,-3 ,-1 | 9 
2 ,1 ,3 ,0 ,-5 ,1 ,-6 | 11 
2 ,4 ,0 ,4 ,-3 ,2 ,4 | 14 
-2 ,0 ,1 ,6 ,3 ,0 ,0 | 0 
6 ,2 ,5 ,-3 ,-3 ,-4 ,-2 | 18 

R5 --> R5 + 2*R7

0 ,-4 ,-2 ,7 ,7 ,1 ,0 | 3 
0 ,2 ,3 ,1 ,2 ,3 ,0 | 8 
0 ,-1 ,-1 ,-5 ,2 ,-3 ,-1 | 9 
2 ,1 ,3 ,0 ,-5 ,1 ,-6 | 11 
14 ,8 ,10 ,-2 ,-9 ,-6 ,0 | 50 
-2 ,0 ,1 ,6 ,3 ,0 ,0 | 0 
6 ,2 ,5 ,-3 ,-3 ,-4 ,-2 | 18 

R4 --> R4 - 3*R7

0 ,-4 ,-2 ,7 ,7 ,1 ,0 | 3 
0 ,2 ,3 ,1 ,2 ,3 ,0 | 8 
0 ,-1 ,-1 ,-5 ,2 ,-3 ,-1 | 9 
-16 ,-5 ,-12 ,9 ,4 ,13 ,0 | -43 
14 ,8 ,10 ,-2 ,-9 ,-6 ,0 | 50 
-2 ,0 ,1 ,6 ,3 ,0 ,0 | 0 
6 ,2 ,5 ,-3 ,-3 ,-4 ,-2 | 18 

R3 --> R3 - 0.5*R7

0 ,-4 ,-2 ,7 ,7 ,1 ,0 | 3 
0 ,2 ,3 ,1 ,2 ,3 ,0 | 8 
-3 ,-2 ,-3.5 ,-3.5 ,3.5 ,-1 ,0 | 0 
-16 ,-5 ,-12 ,9 ,4 ,13 ,0 | -43 
14 ,8 ,10 ,-2 ,-9 ,-6 ,0 | 50 
-2 ,0 ,1 ,6 ,3 ,0 ,0 | 0 
6 ,2 ,5 ,-3 ,-3 ,-4 ,-2 | 18 

R5 <--> R6

0 ,-4 ,-2 ,7 ,7 ,1 ,0 | 3 
0 ,2 ,3 ,1 ,2 ,3 ,0 | 8 
-3 ,-2 ,-3.5 ,-3.5 ,3.5 ,-1 ,0 | 0 
-16 ,-5 ,-12 ,9 ,4 ,13 ,0 | -43 
-2 ,0 ,1 ,6 ,3 ,0 ,0 | 0 
14 ,8 ,10 ,-2 ,-9 ,-6 ,0 | 50 
6 ,2 ,5 ,-3 ,-3 ,-4 ,-2 | 18 

R4 --> R4 + 2.1667*R6

0 ,-4 ,-2 ,7 ,7 ,1 ,0 | 3 
0 ,2 ,3 ,1 ,2 ,3 ,0 | 8 
-3 ,-2 ,-3.5 ,-3.5 ,3.5 ,-1 ,0 | 0 
14.333 ,12.333 ,9.667 ,4.667 ,-15.5 ,0 ,0 | 65.333 
-2 ,0 ,1 ,6 ,3 ,0 ,0 | 0 
14 ,8 ,10 ,-2 ,-9 ,-6 ,0 | 50 
6 ,2 ,5 ,-3 ,-3 ,-4 ,-2 | 18 

R3 --> R3 - 0.1667*R6

0 ,-4 ,-2 ,7 ,7 ,1 ,0 | 3 
0 ,2 ,3 ,1 ,2 ,3 ,0 | 8 
-5.333 ,-3.333 ,-5.167 ,-3.167 ,5 ,0 ,0 | -8.333 
14.333 ,12.333 ,9.667 ,4.667 ,-15.5 ,0 ,0 | 65.333 
-2 ,0 ,1 ,6 ,3 ,0 ,0 | 0 
14 ,8 ,10 ,-2 ,-9 ,-6 ,0 | 50 
6 ,2 ,5 ,-3 ,-3 ,-4 ,-2 | 18 

R2 --> R2 + 0.5*R6

0 ,-4 ,-2 ,7 ,7 ,1 ,0 | 3 
7 ,6 ,8 ,0 ,-2.5 ,0 ,0 | 33 
-5.333 ,-3.333 ,-5.167 ,-3.167 ,5 ,0 ,0 | -8.333 
14.333 ,12.333 ,9.667 ,4.667 ,-15.5 ,0 ,0 | 65.333 
-2 ,0 ,1 ,6 ,3 ,0 ,0 | 0 
14 ,8 ,10 ,-2 ,-9 ,-6 ,0 | 50 
6 ,2 ,5 ,-3 ,-3 ,-4 ,-2 | 18 

R1 --> R1 + 0.1667*R6

2.333 ,-2.667 ,-0.333 ,6.667 ,5.5 ,0 ,0 | 11.333 
7 ,6 ,8 ,0 ,-2.5 ,0 ,0 | 33 
-5.333 ,-3.333 ,-5.167 ,-3.167 ,5 ,0 ,0 | -8.333 
14.333 ,12.333 ,9.667 ,4.667 ,-15.5 ,0 ,0 | 65.333 
-2 ,0 ,1 ,6 ,3 ,0 ,0 | 0 
14 ,8 ,10 ,-2 ,-9 ,-6 ,0 | 50 
6 ,2 ,5 ,-3 ,-3 ,-4 ,-2 | 18 

R4 --> R4 + 5.1667*R5

2.333 ,-2.667 ,-0.333 ,6.667 ,5.5 ,0 ,0 | 11.333 
7 ,6 ,8 ,0 ,-2.5 ,0 ,0 | 33 
-5.333 ,-3.333 ,-5.167 ,-3.167 ,5 ,0 ,0 | -8.333 
4 ,12.333 ,14.833 ,35.667 ,0 ,0 ,0 | 65.333 
-2 ,0 ,1 ,6 ,3 ,0 ,0 | 0 
14 ,8 ,10 ,-2 ,-9 ,-6 ,0 | 50 
6 ,2 ,5 ,-3 ,-3 ,-4 ,-2 | 18 

R3 --> R3 - 1.6667*R5

2.333 ,-2.667 ,-0.333 ,6.667 ,5.5 ,0 ,0 | 11.333 
7 ,6 ,8 ,0 ,-2.5 ,0 ,0 | 33 
-2 ,-3.333 ,-6.833 ,-13.167 ,0 ,0 ,0 | -8.333 
4 ,12.333 ,14.833 ,35.667 ,0 ,0 ,0 | 65.333 
-2 ,0 ,1 ,6 ,3 ,0 ,0 | 0 
14 ,8 ,10 ,-2 ,-9 ,-6 ,0 | 50 
6 ,2 ,5 ,-3 ,-3 ,-4 ,-2 | 18 

R2 --> R2 + 0.8333*R5

2.333 ,-2.667 ,-0.333 ,6.667 ,5.5 ,0 ,0 | 11.333 
5.333 ,6 ,8.833 ,5 ,0 ,0 ,0 | 33 
-2 ,-3.333 ,-6.833 ,-13.167 ,0 ,0 ,0 | -8.333 
4 ,12.333 ,14.833 ,35.667 ,0 ,0 ,0 | 65.333 
-2 ,0 ,1 ,6 ,3 ,0 ,0 | 0 
14 ,8 ,10 ,-2 ,-9 ,-6 ,0 | 50 
6 ,2 ,5 ,-3 ,-3 ,-4 ,-2 | 18 

R1 --> R1 - 1.8333*R5

6 ,-2.667 ,-2.167 ,-4.333 ,0 ,0 ,0 | 11.333 
5.333 ,6 ,8.833 ,5 ,0 ,0 ,0 | 33 
-2 ,-3.333 ,-6.833 ,-13.167 ,0 ,0 ,0 | -8.333 
4 ,12.333 ,14.833 ,35.667 ,0 ,0 ,0 | 65.333 
-2 ,0 ,1 ,6 ,3 ,0 ,0 | 0 
14 ,8 ,10 ,-2 ,-9 ,-6 ,0 | 50 
6 ,2 ,5 ,-3 ,-3 ,-4 ,-2 | 18 

R3 --> R3 + 0.3692*R4

6 ,-2.667 ,-2.167 ,-4.333 ,0 ,0 ,0 | 11.333 
5.333 ,6 ,8.833 ,5 ,0 ,0 ,0 | 33 
-0.523 ,1.22 ,-1.357 ,0 ,0 ,0 ,0 | 15.785 
4 ,12.333 ,14.833 ,35.667 ,0 ,0 ,0 | 65.333 
-2 ,0 ,1 ,6 ,3 ,0 ,0 | 0 
14 ,8 ,10 ,-2 ,-9 ,-6 ,0 | 50 
6 ,2 ,5 ,-3 ,-3 ,-4 ,-2 | 18 

R2 --> R2 - 0.1402*R4

6 ,-2.667 ,-2.167 ,-4.333 ,0 ,0 ,0 | 11.333 
4.773 ,4.271 ,6.754 ,0 ,0 ,0 ,0 | 23.841 
-0.523 ,1.22 ,-1.357 ,0 ,0 ,0 ,0 | 15.785 
4 ,12.333 ,14.833 ,35.667 ,0 ,0 ,0 | 65.333 
-2 ,0 ,1 ,6 ,3 ,0 ,0 | 0 
14 ,8 ,10 ,-2 ,-9 ,-6 ,0 | 50 
6 ,2 ,5 ,-3 ,-3 ,-4 ,-2 | 18 

R1 --> R1 + 0.1215*R4

6.486 ,-1.168 ,-0.364 ,0 ,0 ,0 ,0 | 19.271 
4.773 ,4.271 ,6.754 ,0 ,0 ,0 ,0 | 23.841 
-0.523 ,1.22 ,-1.357 ,0 ,0 ,0 ,0 | 15.785 
4 ,12.333 ,14.833 ,35.667 ,0 ,0 ,0 | 65.333 
-2 ,0 ,1 ,6 ,3 ,0 ,0 | 0 
14 ,8 ,10 ,-2 ,-9 ,-6 ,0 | 50 
6 ,2 ,5 ,-3 ,-3 ,-4 ,-2 | 18 

R2 --> R2 + 4.9753*R3

6.486 ,-1.168 ,-0.364 ,0 ,0 ,0 ,0 | 19.271 
2.169 ,10.339 ,0 ,0 ,0 ,0 ,0 | 102.377 
-0.523 ,1.22 ,-1.357 ,0 ,0 ,0 ,0 | 15.785 
4 ,12.333 ,14.833 ,35.667 ,0 ,0 ,0 | 65.333 
-2 ,0 ,1 ,6 ,3 ,0 ,0 | 0 
14 ,8 ,10 ,-2 ,-9 ,-6 ,0 | 50 
6 ,2 ,5 ,-3 ,-3 ,-4 ,-2 | 18 

R1 --> R1 - 0.2685*R3

6.627 ,-1.496 ,0 ,0 ,0 ,0 ,0 | 15.033 
2.169 ,10.339 ,0 ,0 ,0 ,0 ,0 | 102.377 
-0.523 ,1.22 ,-1.357 ,0 ,0 ,0 ,0 | 15.785 
4 ,12.333 ,14.833 ,35.667 ,0 ,0 ,0 | 65.333 
-2 ,0 ,1 ,6 ,3 ,0 ,0 | 0 
14 ,8 ,10 ,-2 ,-9 ,-6 ,0 | 50 
6 ,2 ,5 ,-3 ,-3 ,-4 ,-2 | 18 

R1 --> R1 + 0.1447*R2

6.94 ,0 ,0 ,0 ,0 ,0 ,0 | 29.843 
2.169 ,10.339 ,0 ,0 ,0 ,0 ,0 | 102.377 
-0.523 ,1.22 ,-1.357 ,0 ,0 ,0 ,0 | 15.785 
4 ,12.333 ,14.833 ,35.667 ,0 ,0 ,0 | 65.333 
-2 ,0 ,1 ,6 ,3 ,0 ,0 | 0 
14 ,8 ,10 ,-2 ,-9 ,-6 ,0 | 50 
6 ,2 ,5 ,-3 ,-3 ,-4 ,-2 | 18 

R1 --> 0.1441*R1

1 ,0 ,0 ,0 ,0 ,0 ,0 | 4.3 
2.169 ,10.339 ,0 ,0 ,0 ,0 ,0 | 102.377 
-0.523 ,1.22 ,-1.357 ,0 ,0 ,0 ,0 | 15.785 
4 ,12.333 ,14.833 ,35.667 ,0 ,0 ,0 | 65.333 
-2 ,0 ,1 ,6 ,3 ,0 ,0 | 0 
14 ,8 ,10 ,-2 ,-9 ,-6 ,0 | 50 
6 ,2 ,5 ,-3 ,-3 ,-4 ,-2 | 18 

R2 --> R2 - 2.1687*R1

1 ,0 ,0 ,0 ,0 ,0 ,0 | 4.3 
0 ,10.339 ,0 ,0 ,0 ,0 ,0 | 93.052 
-0.523 ,1.22 ,-1.357 ,0 ,0 ,0 ,0 | 15.785 
4 ,12.333 ,14.833 ,35.667 ,0 ,0 ,0 | 65.333 
-2 ,0 ,1 ,6 ,3 ,0 ,0 | 0 
14 ,8 ,10 ,-2 ,-9 ,-6 ,0 | 50 
6 ,2 ,5 ,-3 ,-3 ,-4 ,-2 | 18 

R2 --> 0.0967*R2

1 ,0 ,0 ,0 ,0 ,0 ,0 | 4.3 
0 ,1 ,0 ,0 ,0 ,0 ,0 | 9 
-0.523 ,1.22 ,-1.357 ,0 ,0 ,0 ,0 | 15.785 
4 ,12.333 ,14.833 ,35.667 ,0 ,0 ,0 | 65.333 
-2 ,0 ,1 ,6 ,3 ,0 ,0 | 0 
14 ,8 ,10 ,-2 ,-9 ,-6 ,0 | 50 
6 ,2 ,5 ,-3 ,-3 ,-4 ,-2 | 18 

R3 --> R3 + 0.5234*R1

1 ,0 ,0 ,0 ,0 ,0 ,0 | 4.3 
0 ,1 ,0 ,0 ,0 ,0 ,0 | 9 
0 ,1.22 ,-1.357 ,0 ,0 ,0 ,0 | 18.036 
4 ,12.333 ,14.833 ,35.667 ,0 ,0 ,0 | 65.333 
-2 ,0 ,1 ,6 ,3 ,0 ,0 | 0 
14 ,8 ,10 ,-2 ,-9 ,-6 ,0 | 50 
6 ,2 ,5 ,-3 ,-3 ,-4 ,-2 | 18 

R4 --> R4 - 4*R1

1 ,0 ,0 ,0 ,0 ,0 ,0 | 4.3 
0 ,1 ,0 ,0 ,0 ,0 ,0 | 9 
0 ,1.22 ,-1.357 ,0 ,0 ,0 ,0 | 18.036 
0 ,12.333 ,14.833 ,35.667 ,0 ,0 ,0 | 48.133 
-2 ,0 ,1 ,6 ,3 ,0 ,0 | 0 
14 ,8 ,10 ,-2 ,-9 ,-6 ,0 | 50 
6 ,2 ,5 ,-3 ,-3 ,-4 ,-2 | 18 

R5 --> R5 + 2*R1

1 ,0 ,0 ,0 ,0 ,0 ,0 | 4.3 
0 ,1 ,0 ,0 ,0 ,0 ,0 | 9 
0 ,1.22 ,-1.357 ,0 ,0 ,0 ,0 | 18.036 
0 ,12.333 ,14.833 ,35.667 ,0 ,0 ,0 | 48.133 
0 ,0 ,1 ,6 ,3 ,0 ,0 | 8.6 
14 ,8 ,10 ,-2 ,-9 ,-6 ,0 | 50 
6 ,2 ,5 ,-3 ,-3 ,-4 ,-2 | 18 

R6 --> R6 - 14*R1

1 ,0 ,0 ,0 ,0 ,0 ,0 | 4.3 
0 ,1 ,0 ,0 ,0 ,0 ,0 | 9 
0 ,1.22 ,-1.357 ,0 ,0 ,0 ,0 | 18.036 
0 ,12.333 ,14.833 ,35.667 ,0 ,0 ,0 | 48.133 
0 ,0 ,1 ,6 ,3 ,0 ,0 | 8.6 
0 ,8 ,10 ,-2 ,-9 ,-6 ,0 | -10.2 
6 ,2 ,5 ,-3 ,-3 ,-4 ,-2 | 18 

R7 --> R7 - 6*R1

1 ,0 ,0 ,0 ,0 ,0 ,0 | 4.3 
0 ,1 ,0 ,0 ,0 ,0 ,0 | 9 
0 ,1.22 ,-1.357 ,0 ,0 ,0 ,0 | 18.036 
0 ,12.333 ,14.833 ,35.667 ,0 ,0 ,0 | 48.133 
0 ,0 ,1 ,6 ,3 ,0 ,0 | 8.6 
0 ,8 ,10 ,-2 ,-9 ,-6 ,0 | -10.2 
0 ,2 ,5 ,-3 ,-3 ,-4 ,-2 | -7.8 

R3 --> R3 - 1.2196*R2

1 ,0 ,0 ,0 ,0 ,0 ,0 | 4.3 
0 ,1 ,0 ,0 ,0 ,0 ,0 | 9 
0 ,0 ,-1.357 ,0 ,0 ,0 ,0 | 7.059 
0 ,12.333 ,14.833 ,35.667 ,0 ,0 ,0 | 48.133 
0 ,0 ,1 ,6 ,3 ,0 ,0 | 8.6 
0 ,8 ,10 ,-2 ,-9 ,-6 ,0 | -10.2 
0 ,2 ,5 ,-3 ,-3 ,-4 ,-2 | -7.8 

R3 --> -0.7367*R3

1 ,0 ,0 ,0 ,0 ,0 ,0 | 4.3 
0 ,1 ,0 ,0 ,0 ,0 ,0 | 9 
0 ,0 ,1 ,0 ,0 ,0 ,0 | -5.2 
0 ,12.333 ,14.833 ,35.667 ,0 ,0 ,0 | 48.133 
0 ,0 ,1 ,6 ,3 ,0 ,0 | 8.6 
0 ,8 ,10 ,-2 ,-9 ,-6 ,0 | -10.2 
0 ,2 ,5 ,-3 ,-3 ,-4 ,-2 | -7.8 

R4 --> R4 - 12.3333*R2

1 ,0 ,0 ,0 ,0 ,0 ,0 | 4.3 
0 ,1 ,0 ,0 ,0 ,0 ,0 | 9 
0 ,0 ,1 ,0 ,0 ,0 ,0 | -5.2 
0 ,0 ,14.833 ,35.667 ,0 ,0 ,0 | -62.867 
0 ,0 ,1 ,6 ,3 ,0 ,0 | 8.6 
0 ,8 ,10 ,-2 ,-9 ,-6 ,0 | -10.2 
0 ,2 ,5 ,-3 ,-3 ,-4 ,-2 | -7.8 

R6 --> R6 - 8*R2

1 ,0 ,0 ,0 ,0 ,0 ,0 | 4.3 
0 ,1 ,0 ,0 ,0 ,0 ,0 | 9 
0 ,0 ,1 ,0 ,0 ,0 ,0 | -5.2 
0 ,0 ,14.833 ,35.667 ,0 ,0 ,0 | -62.867 
0 ,0 ,1 ,6 ,3 ,0 ,0 | 8.6 
0 ,0 ,10 ,-2 ,-9 ,-6 ,0 | -82.2 
0 ,2 ,5 ,-3 ,-3 ,-4 ,-2 | -7.8 

R7 --> R7 - 2*R2

1 ,0 ,0 ,0 ,0 ,0 ,0 | 4.3 
0 ,1 ,0 ,0 ,0 ,0 ,0 | 9 
0 ,0 ,1 ,0 ,0 ,0 ,0 | -5.2 
0 ,0 ,14.833 ,35.667 ,0 ,0 ,0 | -62.867 
0 ,0 ,1 ,6 ,3 ,0 ,0 | 8.6 
0 ,0 ,10 ,-2 ,-9 ,-6 ,0 | -82.2 
0 ,0 ,5 ,-3 ,-3 ,-4 ,-2 | -25.8 

R4 --> R4 - 14.8333*R3

1 ,0 ,0 ,0 ,0 ,0 ,0 | 4.3 
0 ,1 ,0 ,0 ,0 ,0 ,0 | 9 
0 ,0 ,1 ,0 ,0 ,0 ,0 | -5.2 
0 ,0 ,0 ,35.667 ,0 ,0 ,0 | 14.267 
0 ,0 ,1 ,6 ,3 ,0 ,0 | 8.6 
0 ,0 ,10 ,-2 ,-9 ,-6 ,0 | -82.2 
0 ,0 ,5 ,-3 ,-3 ,-4 ,-2 | -25.8 

R4 --> 0.028*R4

1 ,0 ,0 ,0 ,0 ,0 ,0 | 4.3 
0 ,1 ,0 ,0 ,0 ,0 ,0 | 9 
0 ,0 ,1 ,0 ,0 ,0 ,0 | -5.2 
0 ,0 ,0 ,1 ,0 ,0 ,0 | 0.4 
0 ,0 ,1 ,6 ,3 ,0 ,0 | 8.6 
0 ,0 ,10 ,-2 ,-9 ,-6 ,0 | -82.2 
0 ,0 ,5 ,-3 ,-3 ,-4 ,-2 | -25.8 

R5 --> R5 - R3

1 ,0 ,0 ,0 ,0 ,0 ,0 | 4.3 
0 ,1 ,0 ,0 ,0 ,0 ,0 | 9 
0 ,0 ,1 ,0 ,0 ,0 ,0 | -5.2 
0 ,0 ,0 ,1 ,0 ,0 ,0 | 0.4 
0 ,0 ,0 ,6 ,3 ,0 ,0 | 13.8 
0 ,0 ,10 ,-2 ,-9 ,-6 ,0 | -82.2 
0 ,0 ,5 ,-3 ,-3 ,-4 ,-2 | -25.8 

R6 --> R6 - 10*R3

1 ,0 ,0 ,0 ,0 ,0 ,0 | 4.3 
0 ,1 ,0 ,0 ,0 ,0 ,0 | 9 
0 ,0 ,1 ,0 ,0 ,0 ,0 | -5.2 
0 ,0 ,0 ,1 ,0 ,0 ,0 | 0.4 
0 ,0 ,0 ,6 ,3 ,0 ,0 | 13.8 
0 ,0 ,0 ,-2 ,-9 ,-6 ,0 | -30.2 
0 ,0 ,5 ,-3 ,-3 ,-4 ,-2 | -25.8 

R7 --> R7 - 5*R3

1 ,0 ,0 ,0 ,0 ,0 ,0 | 4.3 
0 ,1 ,0 ,0 ,0 ,0 ,0 | 9 
0 ,0 ,1 ,0 ,0 ,0 ,0 | -5.2 
0 ,0 ,0 ,1 ,0 ,0 ,0 | 0.4 
0 ,0 ,0 ,6 ,3 ,0 ,0 | 13.8 
0 ,0 ,0 ,-2 ,-9 ,-6 ,0 | -30.2 
0 ,0 ,0 ,-3 ,-3 ,-4 ,-2 | 0.2 

R5 --> R5 - 6*R4

1 ,0 ,0 ,0 ,0 ,0 ,0 | 4.3 
0 ,1 ,0 ,0 ,0 ,0 ,0 | 9 
0 ,0 ,1 ,0 ,0 ,0 ,0 | -5.2 
0 ,0 ,0 ,1 ,0 ,0 ,0 | 0.4 
0 ,0 ,0 ,0 ,3 ,0 ,0 | 11.4 
0 ,0 ,0 ,-2 ,-9 ,-6 ,0 | -30.2 
0 ,0 ,0 ,-3 ,-3 ,-4 ,-2 | 0.2 

R5 --> 0.3333*R5

1 ,0 ,0 ,0 ,0 ,0 ,0 | 4.3 
0 ,1 ,0 ,0 ,0 ,0 ,0 | 9 
0 ,0 ,1 ,0 ,0 ,0 ,0 | -5.2 
0 ,0 ,0 ,1 ,0 ,0 ,0 | 0.4 
0 ,0 ,0 ,0 ,1 ,0 ,0 | 3.8 
0 ,0 ,0 ,-2 ,-9 ,-6 ,0 | -30.2 
0 ,0 ,0 ,-3 ,-3 ,-4 ,-2 | 0.2 

R6 --> R6 + 2*R4

1 ,0 ,0 ,0 ,0 ,0 ,0 | 4.3 
0 ,1 ,0 ,0 ,0 ,0 ,0 | 9 
0 ,0 ,1 ,0 ,0 ,0 ,0 | -5.2 
0 ,0 ,0 ,1 ,0 ,0 ,0 | 0.4 
0 ,0 ,0 ,0 ,1 ,0 ,0 | 3.8 
0 ,0 ,0 ,0 ,-9 ,-6 ,0 | -29.4 
0 ,0 ,0 ,-3 ,-3 ,-4 ,-2 | 0.2 

R7 --> R7 + 3*R4

1 ,0 ,0 ,0 ,0 ,0 ,0 | 4.3 
0 ,1 ,0 ,0 ,0 ,0 ,0 | 9 
0 ,0 ,1 ,0 ,0 ,0 ,0 | -5.2 
0 ,0 ,0 ,1 ,0 ,0 ,0 | 0.4 
0 ,0 ,0 ,0 ,1 ,0 ,0 | 3.8 
0 ,0 ,0 ,0 ,-9 ,-6 ,0 | -29.4 
0 ,0 ,0 ,0 ,-3 ,-4 ,-2 | 1.4 

R6 --> R6 + 9*R5

1 ,0 ,0 ,0 ,0 ,0 ,0 | 4.3 
0 ,1 ,0 ,0 ,0 ,0 ,0 | 9 
0 ,0 ,1 ,0 ,0 ,0 ,0 | -5.2 
0 ,0 ,0 ,1 ,0 ,0 ,0 | 0.4 
0 ,0 ,0 ,0 ,1 ,0 ,0 | 3.8 
0 ,0 ,0 ,0 ,0 ,-6 ,0 | 4.8 
0 ,0 ,0 ,0 ,-3 ,-4 ,-2 | 1.4 

R6 --> -0.1667*R6

1 ,0 ,0 ,0 ,0 ,0 ,0 | 4.3 
0 ,1 ,0 ,0 ,0 ,0 ,0 | 9 
0 ,0 ,1 ,0 ,0 ,0 ,0 | -5.2 
0 ,0 ,0 ,1 ,0 ,0 ,0 | 0.4 
0 ,0 ,0 ,0 ,1 ,0 ,0 | 3.8 
0 ,0 ,0 ,0 ,0 ,1 ,0 | -0.8 
0 ,0 ,0 ,0 ,-3 ,-4 ,-2 | 1.4 

R7 --> R7 + 3*R5

1 ,0 ,0 ,0 ,0 ,0 ,0 | 4.3 
0 ,1 ,0 ,0 ,0 ,0 ,0 | 9 
0 ,0 ,1 ,0 ,0 ,0 ,0 | -5.2 
0 ,0 ,0 ,1 ,0 ,0 ,0 | 0.4 
0 ,0 ,0 ,0 ,1 ,0 ,0 | 3.8 
0 ,0 ,0 ,0 ,0 ,1 ,0 | -0.8 
0 ,0 ,0 ,0 ,0 ,-4 ,-2 | 12.8 

R7 --> R7 + 4*R6

1 ,0 ,0 ,0 ,0 ,0 ,0 | 4.3 
0 ,1 ,0 ,0 ,0 ,0 ,0 | 9 
0 ,0 ,1 ,0 ,0 ,0 ,0 | -5.2 
0 ,0 ,0 ,1 ,0 ,0 ,0 | 0.4 
0 ,0 ,0 ,0 ,1 ,0 ,0 | 3.8 
0 ,0 ,0 ,0 ,0 ,1 ,0 | -0.8 
0 ,0 ,0 ,0 ,0 ,0 ,-2 | 9.6 

R7 --> -0.5*R7

1 ,0 ,0 ,0 ,0 ,0 ,0 | 4.3 
0 ,1 ,0 ,0 ,0 ,0 ,0 | 9 
0 ,0 ,1 ,0 ,0 ,0 ,0 | -5.2 
0 ,0 ,0 ,1 ,0 ,0 ,0 | 0.4 
0 ,0 ,0 ,0 ,1 ,0 ,0 | 3.8 
0 ,0 ,0 ,0 ,0 ,1 ,0 | -0.8 
0 ,0 ,0 ,0 ,0 ,0 ,1 | -4.8 

exist single solution for the system that is: x = ( 4.3 , 9 , -5.2 , 0.4 , 3.8 , -0.8 , -4.8 )
##################################################################################################################################
Solve The Next System Under Space R7:
eq1: + 2*x1 + 3*x2 +   x3 - 4*x4        - 3*x6        = 0
eq2: - 3*x1 +   x2 +   x3 +   x4        - 4*x6 -   x7 = 0
eq3:        +   x2        - 2*x4 +   x5 -   x6 +   x7 = 0
eq4: - 4*x1 +   x2 - 3*x3 +   x4        - 2*x6 +   x7 = 0
eq5: +   x1 - 3*x2        - 2*x4 - 4*x5 +   x6        = 0
eq6: +   x1 - 2*x2 + 3*x3        - 4*x5 - 2*x6 - 4*x7 = 0
eq7:        + 4*x2 - 4*x3 - 2*x4 - 3*x5 - 2*x6 + 3*x7 = 0

2 ,3 ,1 ,-4 ,0 ,-3 ,0 | 0 
-3 ,1 ,1 ,1 ,0 ,-4 ,-1 | 0 
0 ,1 ,0 ,-2 ,1 ,-1 ,1 | 0 
-4 ,1 ,-3 ,1 ,0 ,-2 ,1 | 0 
1 ,-3 ,0 ,-2 ,-4 ,1 ,0 | 0 
1 ,-2 ,3 ,0 ,-4 ,-2 ,-4 | 0 
0 ,4 ,-4 ,-2 ,-3 ,-2 ,3 | 0 

R6 --> R6 + 1.3333*R7

2 ,3 ,1 ,-4 ,0 ,-3 ,0 | 0 
-3 ,1 ,1 ,1 ,0 ,-4 ,-1 | 0 
0 ,1 ,0 ,-2 ,1 ,-1 ,1 | 0 
-4 ,1 ,-3 ,1 ,0 ,-2 ,1 | 0 
1 ,-3 ,0 ,-2 ,-4 ,1 ,0 | 0 
1 ,3.333 ,-2.333 ,-2.667 ,-8 ,-4.667 ,0 | 0 
0 ,4 ,-4 ,-2 ,-3 ,-2 ,3 | 0 

R4 --> R4 - 0.3333*R7

2 ,3 ,1 ,-4 ,0 ,-3 ,0 | 0 
-3 ,1 ,1 ,1 ,0 ,-4 ,-1 | 0 
0 ,1 ,0 ,-2 ,1 ,-1 ,1 | 0 
-4 ,-0.333 ,-1.667 ,1.667 ,1 ,-1.333 ,0 | 0 
1 ,-3 ,0 ,-2 ,-4 ,1 ,0 | 0 
1 ,3.333 ,-2.333 ,-2.667 ,-8 ,-4.667 ,0 | 0 
0 ,4 ,-4 ,-2 ,-3 ,-2 ,3 | 0 

R3 --> R3 - 0.3333*R7

2 ,3 ,1 ,-4 ,0 ,-3 ,0 | 0 
-3 ,1 ,1 ,1 ,0 ,-4 ,-1 | 0 
0 ,-0.333 ,1.333 ,-1.333 ,2 ,-0.333 ,0 | 0 
-4 ,-0.333 ,-1.667 ,1.667 ,1 ,-1.333 ,0 | 0 
1 ,-3 ,0 ,-2 ,-4 ,1 ,0 | 0 
1 ,3.333 ,-2.333 ,-2.667 ,-8 ,-4.667 ,0 | 0 
0 ,4 ,-4 ,-2 ,-3 ,-2 ,3 | 0 

R2 --> R2 + 0.3333*R7

2 ,3 ,1 ,-4 ,0 ,-3 ,0 | 0 
-3 ,2.333 ,-0.333 ,0.333 ,-1 ,-4.667 ,0 | 0 
0 ,-0.333 ,1.333 ,-1.333 ,2 ,-0.333 ,0 | 0 
-4 ,-0.333 ,-1.667 ,1.667 ,1 ,-1.333 ,0 | 0 
1 ,-3 ,0 ,-2 ,-4 ,1 ,0 | 0 
1 ,3.333 ,-2.333 ,-2.667 ,-8 ,-4.667 ,0 | 0 
0 ,4 ,-4 ,-2 ,-3 ,-2 ,3 | 0 

R5 --> R5 + 0.2143*R6

2 ,3 ,1 ,-4 ,0 ,-3 ,0 | 0 
-3 ,2.333 ,-0.333 ,0.333 ,-1 ,-4.667 ,0 | 0 
0 ,-0.333 ,1.333 ,-1.333 ,2 ,-0.333 ,0 | 0 
-4 ,-0.333 ,-1.667 ,1.667 ,1 ,-1.333 ,0 | 0 
1.214 ,-2.286 ,-0.5 ,-2.571 ,-5.714 ,0 ,0 | 0 
1 ,3.333 ,-2.333 ,-2.667 ,-8 ,-4.667 ,0 | 0 
0 ,4 ,-4 ,-2 ,-3 ,-2 ,3 | 0 

R4 --> R4 - 0.2857*R6

2 ,3 ,1 ,-4 ,0 ,-3 ,0 | 0 
-3 ,2.333 ,-0.333 ,0.333 ,-1 ,-4.667 ,0 | 0 
0 ,-0.333 ,1.333 ,-1.333 ,2 ,-0.333 ,0 | 0 
-4.286 ,-1.286 ,-1 ,2.429 ,3.286 ,0 ,0 | 0 
1.214 ,-2.286 ,-0.5 ,-2.571 ,-5.714 ,0 ,0 | 0 
1 ,3.333 ,-2.333 ,-2.667 ,-8 ,-4.667 ,0 | 0 
0 ,4 ,-4 ,-2 ,-3 ,-2 ,3 | 0 

R3 --> R3 - 0.0714*R6

2 ,3 ,1 ,-4 ,0 ,-3 ,0 | 0 
-3 ,2.333 ,-0.333 ,0.333 ,-1 ,-4.667 ,0 | 0 
-0.071 ,-0.571 ,1.5 ,-1.143 ,2.571 ,0 ,0 | 0 
-4.286 ,-1.286 ,-1 ,2.429 ,3.286 ,0 ,0 | 0 
1.214 ,-2.286 ,-0.5 ,-2.571 ,-5.714 ,0 ,0 | 0 
1 ,3.333 ,-2.333 ,-2.667 ,-8 ,-4.667 ,0 | 0 
0 ,4 ,-4 ,-2 ,-3 ,-2 ,3 | 0 

R2 --> R2 - 1*R6

2 ,3 ,1 ,-4 ,0 ,-3 ,0 | 0 
-4 ,-1 ,2 ,3 ,7 ,0 ,0 | 0 
-0.071 ,-0.571 ,1.5 ,-1.143 ,2.571 ,0 ,0 | 0 
-4.286 ,-1.286 ,-1 ,2.429 ,3.286 ,0 ,0 | 0 
1.214 ,-2.286 ,-0.5 ,-2.571 ,-5.714 ,0 ,0 | 0 
1 ,3.333 ,-2.333 ,-2.667 ,-8 ,-4.667 ,0 | 0 
0 ,4 ,-4 ,-2 ,-3 ,-2 ,3 | 0 

R1 --> R1 - 0.6429*R6

1.357 ,0.857 ,2.5 ,-2.286 ,5.143 ,0 ,0 | 0 
-4 ,-1 ,2 ,3 ,7 ,0 ,0 | 0 
-0.071 ,-0.571 ,1.5 ,-1.143 ,2.571 ,0 ,0 | 0 
-4.286 ,-1.286 ,-1 ,2.429 ,3.286 ,0 ,0 | 0 
1.214 ,-2.286 ,-0.5 ,-2.571 ,-5.714 ,0 ,0 | 0 
1 ,3.333 ,-2.333 ,-2.667 ,-8 ,-4.667 ,0 | 0 
0 ,4 ,-4 ,-2 ,-3 ,-2 ,3 | 0 

R4 --> R4 + 0.575*R5

1.357 ,0.857 ,2.5 ,-2.286 ,5.143 ,0 ,0 | 0 
-4 ,-1 ,2 ,3 ,7 ,0 ,0 | 0 
-0.071 ,-0.571 ,1.5 ,-1.143 ,2.571 ,0 ,0 | 0 
-3.587 ,-2.6 ,-1.287 ,0.95 ,0 ,0 ,0 | 0 
1.214 ,-2.286 ,-0.5 ,-2.571 ,-5.714 ,0 ,0 | 0 
1 ,3.333 ,-2.333 ,-2.667 ,-8 ,-4.667 ,0 | 0 
0 ,4 ,-4 ,-2 ,-3 ,-2 ,3 | 0 

R3 --> R3 + 0.45*R5

1.357 ,0.857 ,2.5 ,-2.286 ,5.143 ,0 ,0 | 0 
-4 ,-1 ,2 ,3 ,7 ,0 ,0 | 0 
0.475 ,-1.6 ,1.275 ,-2.3 ,0 ,0 ,0 | 0 
-3.587 ,-2.6 ,-1.287 ,0.95 ,0 ,0 ,0 | 0 
1.214 ,-2.286 ,-0.5 ,-2.571 ,-5.714 ,0 ,0 | 0 
1 ,3.333 ,-2.333 ,-2.667 ,-8 ,-4.667 ,0 | 0 
0 ,4 ,-4 ,-2 ,-3 ,-2 ,3 | 0 

R2 --> R2 + 1.225*R5

1.357 ,0.857 ,2.5 ,-2.286 ,5.143 ,0 ,0 | 0 
-2.513 ,-3.8 ,1.388 ,-0.15 ,0 ,0 ,0 | 0 
0.475 ,-1.6 ,1.275 ,-2.3 ,0 ,0 ,0 | 0 
-3.587 ,-2.6 ,-1.287 ,0.95 ,0 ,0 ,0 | 0 
1.214 ,-2.286 ,-0.5 ,-2.571 ,-5.714 ,0 ,0 | 0 
1 ,3.333 ,-2.333 ,-2.667 ,-8 ,-4.667 ,0 | 0 
0 ,4 ,-4 ,-2 ,-3 ,-2 ,3 | 0 

R1 --> R1 + 0.9*R5

2.45 ,-1.2 ,2.05 ,-4.6 ,0 ,0 ,0 | 0 
-2.513 ,-3.8 ,1.388 ,-0.15 ,0 ,0 ,0 | 0 
0.475 ,-1.6 ,1.275 ,-2.3 ,0 ,0 ,0 | 0 
-3.587 ,-2.6 ,-1.287 ,0.95 ,0 ,0 ,0 | 0 
1.214 ,-2.286 ,-0.5 ,-2.571 ,-5.714 ,0 ,0 | 0 
1 ,3.333 ,-2.333 ,-2.667 ,-8 ,-4.667 ,0 | 0 
0 ,4 ,-4 ,-2 ,-3 ,-2 ,3 | 0 

R3 --> R3 + 2.4211*R4

2.45 ,-1.2 ,2.05 ,-4.6 ,0 ,0 ,0 | 0 
-2.513 ,-3.8 ,1.388 ,-0.15 ,0 ,0 ,0 | 0 
-8.211 ,-7.895 ,-1.842 ,0 ,0 ,0 ,0 | 0 
-3.587 ,-2.6 ,-1.287 ,0.95 ,0 ,0 ,0 | 0 
1.214 ,-2.286 ,-0.5 ,-2.571 ,-5.714 ,0 ,0 | 0 
1 ,3.333 ,-2.333 ,-2.667 ,-8 ,-4.667 ,0 | 0 
0 ,4 ,-4 ,-2 ,-3 ,-2 ,3 | 0 

R2 --> R2 + 0.1579*R4

2.45 ,-1.2 ,2.05 ,-4.6 ,0 ,0 ,0 | 0 
-3.079 ,-4.211 ,1.184 ,0 ,0 ,0 ,0 | 0 
-8.211 ,-7.895 ,-1.842 ,0 ,0 ,0 ,0 | 0 
-3.587 ,-2.6 ,-1.287 ,0.95 ,0 ,0 ,0 | 0 
1.214 ,-2.286 ,-0.5 ,-2.571 ,-5.714 ,0 ,0 | 0 
1 ,3.333 ,-2.333 ,-2.667 ,-8 ,-4.667 ,0 | 0 
0 ,4 ,-4 ,-2 ,-3 ,-2 ,3 | 0 

R1 --> R1 + 4.8421*R4

-14.921 ,-13.789 ,-4.184 ,0 ,0 ,0 ,0 | 0 
-3.079 ,-4.211 ,1.184 ,0 ,0 ,0 ,0 | 0 
-8.211 ,-7.895 ,-1.842 ,0 ,0 ,0 ,0 | 0 
-3.587 ,-2.6 ,-1.287 ,0.95 ,0 ,0 ,0 | 0 
1.214 ,-2.286 ,-0.5 ,-2.571 ,-5.714 ,0 ,0 | 0 
1 ,3.333 ,-2.333 ,-2.667 ,-8 ,-4.667 ,0 | 0 
0 ,4 ,-4 ,-2 ,-3 ,-2 ,3 | 0 

R2 --> R2 + 0.6429*R3

-14.921 ,-13.789 ,-4.184 ,0 ,0 ,0 ,0 | 0 
-8.357 ,-9.286 ,0 ,0 ,0 ,0 ,0 | 0 
-8.211 ,-7.895 ,-1.842 ,0 ,0 ,0 ,0 | 0 
-3.587 ,-2.6 ,-1.287 ,0.95 ,0 ,0 ,0 | 0 
1.214 ,-2.286 ,-0.5 ,-2.571 ,-5.714 ,0 ,0 | 0 
1 ,3.333 ,-2.333 ,-2.667 ,-8 ,-4.667 ,0 | 0 
0 ,4 ,-4 ,-2 ,-3 ,-2 ,3 | 0 

R1 --> R1 - 2.2714*R3

3.729 ,4.143 ,0 ,0 ,0 ,0 ,0 | 0 
-8.357 ,-9.286 ,0 ,0 ,0 ,0 ,0 | 0 
-8.211 ,-7.895 ,-1.842 ,0 ,0 ,0 ,0 | 0 
-3.587 ,-2.6 ,-1.287 ,0.95 ,0 ,0 ,0 | 0 
1.214 ,-2.286 ,-0.5 ,-2.571 ,-5.714 ,0 ,0 | 0 
1 ,3.333 ,-2.333 ,-2.667 ,-8 ,-4.667 ,0 | 0 
0 ,4 ,-4 ,-2 ,-3 ,-2 ,3 | 0 

R1 --> R1 + 0.4462*R2

0 ,0 ,0 ,0 ,0 ,0 ,0 | 0 
-8.357 ,-9.286 ,0 ,0 ,0 ,0 ,0 | 0 
-8.211 ,-7.895 ,-1.842 ,0 ,0 ,0 ,0 | 0 
-3.587 ,-2.6 ,-1.287 ,0.95 ,0 ,0 ,0 | 0 
1.214 ,-2.286 ,-0.5 ,-2.571 ,-5.714 ,0 ,0 | 0 
1 ,3.333 ,-2.333 ,-2.667 ,-8 ,-4.667 ,0 | 0 
0 ,4 ,-4 ,-2 ,-3 ,-2 ,3 | 0 

define new column in b when x1 is free variable in R7:
1 ,0 ,0 ,0 ,0 ,0 ,0 | 0 ,1 
-8.357 ,-9.286 ,0 ,0 ,0 ,0 ,0 | 0 ,0 
-8.211 ,-7.895 ,-1.842 ,0 ,0 ,0 ,0 | 0 ,0 
-3.587 ,-2.6 ,-1.287 ,0.95 ,0 ,0 ,0 | 0 ,0 
1.214 ,-2.286 ,-0.5 ,-2.571 ,-5.714 ,0 ,0 | 0 ,0 
1 ,3.333 ,-2.333 ,-2.667 ,-8 ,-4.667 ,0 | 0 ,0 
0 ,4 ,-4 ,-2 ,-3 ,-2 ,3 | 0 ,0 

R2 --> R2 + 8.3571*R1

1 ,0 ,0 ,0 ,0 ,0 ,0 | 0 ,1 
0 ,-9.286 ,0 ,0 ,0 ,0 ,0 | 0 ,8.357 
-8.211 ,-7.895 ,-1.842 ,0 ,0 ,0 ,0 | 0 ,0 
-3.587 ,-2.6 ,-1.287 ,0.95 ,0 ,0 ,0 | 0 ,0 
1.214 ,-2.286 ,-0.5 ,-2.571 ,-5.714 ,0 ,0 | 0 ,0 
1 ,3.333 ,-2.333 ,-2.667 ,-8 ,-4.667 ,0 | 0 ,0 
0 ,4 ,-4 ,-2 ,-3 ,-2 ,3 | 0 ,0 

R2 --> -0.1077*R2

1 ,0 ,0 ,0 ,0 ,0 ,0 | 0 ,1 
0 ,1 ,0 ,0 ,0 ,0 ,0 | 0 ,-0.9 
-8.211 ,-7.895 ,-1.842 ,0 ,0 ,0 ,0 | 0 ,0 
-3.587 ,-2.6 ,-1.287 ,0.95 ,0 ,0 ,0 | 0 ,0 
1.214 ,-2.286 ,-0.5 ,-2.571 ,-5.714 ,0 ,0 | 0 ,0 
1 ,3.333 ,-2.333 ,-2.667 ,-8 ,-4.667 ,0 | 0 ,0 
0 ,4 ,-4 ,-2 ,-3 ,-2 ,3 | 0 ,0 

R3 --> R3 + 8.2105*R1

1 ,0 ,0 ,0 ,0 ,0 ,0 | 0 ,1 
0 ,1 ,0 ,0 ,0 ,0 ,0 | 0 ,-0.9 
0 ,-7.895 ,-1.842 ,0 ,0 ,0 ,0 | 0 ,8.211 
-3.587 ,-2.6 ,-1.287 ,0.95 ,0 ,0 ,0 | 0 ,0 
1.214 ,-2.286 ,-0.5 ,-2.571 ,-5.714 ,0 ,0 | 0 ,0 
1 ,3.333 ,-2.333 ,-2.667 ,-8 ,-4.667 ,0 | 0 ,0 
0 ,4 ,-4 ,-2 ,-3 ,-2 ,3 | 0 ,0 

R4 --> R4 + 3.5875*R1

1 ,0 ,0 ,0 ,0 ,0 ,0 | 0 ,1 
0 ,1 ,0 ,0 ,0 ,0 ,0 | 0 ,-0.9 
0 ,-7.895 ,-1.842 ,0 ,0 ,0 ,0 | 0 ,8.211 
0 ,-2.6 ,-1.287 ,0.95 ,0 ,0 ,0 | 0 ,3.587 
1.214 ,-2.286 ,-0.5 ,-2.571 ,-5.714 ,0 ,0 | 0 ,0 
1 ,3.333 ,-2.333 ,-2.667 ,-8 ,-4.667 ,0 | 0 ,0 
0 ,4 ,-4 ,-2 ,-3 ,-2 ,3 | 0 ,0 

R5 --> R5 - 1.2143*R1

1 ,0 ,0 ,0 ,0 ,0 ,0 | 0 ,1 
0 ,1 ,0 ,0 ,0 ,0 ,0 | 0 ,-0.9 
0 ,-7.895 ,-1.842 ,0 ,0 ,0 ,0 | 0 ,8.211 
0 ,-2.6 ,-1.287 ,0.95 ,0 ,0 ,0 | 0 ,3.587 
0 ,-2.286 ,-0.5 ,-2.571 ,-5.714 ,0 ,0 | 0 ,-1.214 
1 ,3.333 ,-2.333 ,-2.667 ,-8 ,-4.667 ,0 | 0 ,0 
0 ,4 ,-4 ,-2 ,-3 ,-2 ,3 | 0 ,0 

R6 --> R6 - R1

1 ,0 ,0 ,0 ,0 ,0 ,0 | 0 ,1 
0 ,1 ,0 ,0 ,0 ,0 ,0 | 0 ,-0.9 
0 ,-7.895 ,-1.842 ,0 ,0 ,0 ,0 | 0 ,8.211 
0 ,-2.6 ,-1.287 ,0.95 ,0 ,0 ,0 | 0 ,3.587 
0 ,-2.286 ,-0.5 ,-2.571 ,-5.714 ,0 ,0 | 0 ,-1.214 
0 ,3.333 ,-2.333 ,-2.667 ,-8 ,-4.667 ,0 | 0 ,-1 
0 ,4 ,-4 ,-2 ,-3 ,-2 ,3 | 0 ,0 

R3 --> R3 + 7.8947*R2

1 ,0 ,0 ,0 ,0 ,0 ,0 | 0 ,1 
0 ,1 ,0 ,0 ,0 ,0 ,0 | 0 ,-0.9 
0 ,0 ,-1.842 ,0 ,0 ,0 ,0 | 0 ,1.105 
0 ,-2.6 ,-1.287 ,0.95 ,0 ,0 ,0 | 0 ,3.587 
0 ,-2.286 ,-0.5 ,-2.571 ,-5.714 ,0 ,0 | 0 ,-1.214 
0 ,3.333 ,-2.333 ,-2.667 ,-8 ,-4.667 ,0 | 0 ,-1 
0 ,4 ,-4 ,-2 ,-3 ,-2 ,3 | 0 ,0 

R3 --> -0.5429*R3

1 ,0 ,0 ,0 ,0 ,0 ,0 | 0 ,1 
0 ,1 ,0 ,0 ,0 ,0 ,0 | 0 ,-0.9 
0 ,0 ,1 ,0 ,0 ,0 ,0 | 0 ,-0.6 
0 ,-2.6 ,-1.287 ,0.95 ,0 ,0 ,0 | 0 ,3.587 
0 ,-2.286 ,-0.5 ,-2.571 ,-5.714 ,0 ,0 | 0 ,-1.214 
0 ,3.333 ,-2.333 ,-2.667 ,-8 ,-4.667 ,0 | 0 ,-1 
0 ,4 ,-4 ,-2 ,-3 ,-2 ,3 | 0 ,0 

R4 --> R4 + 2.6*R2

1 ,0 ,0 ,0 ,0 ,0 ,0 | 0 ,1 
0 ,1 ,0 ,0 ,0 ,0 ,0 | 0 ,-0.9 
0 ,0 ,1 ,0 ,0 ,0 ,0 | 0 ,-0.6 
0 ,0 ,-1.287 ,0.95 ,0 ,0 ,0 | 0 ,1.247 
0 ,-2.286 ,-0.5 ,-2.571 ,-5.714 ,0 ,0 | 0 ,-1.214 
0 ,3.333 ,-2.333 ,-2.667 ,-8 ,-4.667 ,0 | 0 ,-1 
0 ,4 ,-4 ,-2 ,-3 ,-2 ,3 | 0 ,0 

R5 --> R5 + 2.2857*R2

1 ,0 ,0 ,0 ,0 ,0 ,0 | 0 ,1 
0 ,1 ,0 ,0 ,0 ,0 ,0 | 0 ,-0.9 
0 ,0 ,1 ,0 ,0 ,0 ,0 | 0 ,-0.6 
0 ,0 ,-1.287 ,0.95 ,0 ,0 ,0 | 0 ,1.247 
0 ,0 ,-0.5 ,-2.571 ,-5.714 ,0 ,0 | 0 ,-3.271 
0 ,3.333 ,-2.333 ,-2.667 ,-8 ,-4.667 ,0 | 0 ,-1 
0 ,4 ,-4 ,-2 ,-3 ,-2 ,3 | 0 ,0 

R6 --> R6 - 3.3333*R2

1 ,0 ,0 ,0 ,0 ,0 ,0 | 0 ,1 
0 ,1 ,0 ,0 ,0 ,0 ,0 | 0 ,-0.9 
0 ,0 ,1 ,0 ,0 ,0 ,0 | 0 ,-0.6 
0 ,0 ,-1.287 ,0.95 ,0 ,0 ,0 | 0 ,1.247 
0 ,0 ,-0.5 ,-2.571 ,-5.714 ,0 ,0 | 0 ,-3.271 
0 ,0 ,-2.333 ,-2.667 ,-8 ,-4.667 ,0 | 0 ,2 
0 ,4 ,-4 ,-2 ,-3 ,-2 ,3 | 0 ,0 

R7 --> R7 - 4*R2

1 ,0 ,0 ,0 ,0 ,0 ,0 | 0 ,1 
0 ,1 ,0 ,0 ,0 ,0 ,0 | 0 ,-0.9 
0 ,0 ,1 ,0 ,0 ,0 ,0 | 0 ,-0.6 
0 ,0 ,-1.287 ,0.95 ,0 ,0 ,0 | 0 ,1.247 
0 ,0 ,-0.5 ,-2.571 ,-5.714 ,0 ,0 | 0 ,-3.271 
0 ,0 ,-2.333 ,-2.667 ,-8 ,-4.667 ,0 | 0 ,2 
0 ,0 ,-4 ,-2 ,-3 ,-2 ,3 | 0 ,3.6 

R4 --> R4 + 1.2875*R3

1 ,0 ,0 ,0 ,0 ,0 ,0 | 0 ,1 
0 ,1 ,0 ,0 ,0 ,0 ,0 | 0 ,-0.9 
0 ,0 ,1 ,0 ,0 ,0 ,0 | 0 ,-0.6 
0 ,0 ,0 ,0.95 ,0 ,0 ,0 | 0 ,0.475 
0 ,0 ,-0.5 ,-2.571 ,-5.714 ,0 ,0 | 0 ,-3.271 
0 ,0 ,-2.333 ,-2.667 ,-8 ,-4.667 ,0 | 0 ,2 
0 ,0 ,-4 ,-2 ,-3 ,-2 ,3 | 0 ,3.6 

R4 --> 1.0526*R4

1 ,0 ,0 ,0 ,0 ,0 ,0 | 0 ,1 
0 ,1 ,0 ,0 ,0 ,0 ,0 | 0 ,-0.9 
0 ,0 ,1 ,0 ,0 ,0 ,0 | 0 ,-0.6 
0 ,0 ,0 ,1 ,0 ,0 ,0 | 0 ,0.5 
0 ,0 ,-0.5 ,-2.571 ,-5.714 ,0 ,0 | 0 ,-3.271 
0 ,0 ,-2.333 ,-2.667 ,-8 ,-4.667 ,0 | 0 ,2 
0 ,0 ,-4 ,-2 ,-3 ,-2 ,3 | 0 ,3.6 

R5 --> R5 + 0.5*R3

1 ,0 ,0 ,0 ,0 ,0 ,0 | 0 ,1 
0 ,1 ,0 ,0 ,0 ,0 ,0 | 0 ,-0.9 
0 ,0 ,1 ,0 ,0 ,0 ,0 | 0 ,-0.6 
0 ,0 ,0 ,1 ,0 ,0 ,0 | 0 ,0.5 
0 ,0 ,0 ,-2.571 ,-5.714 ,0 ,0 | 0 ,-3.571 
0 ,0 ,-2.333 ,-2.667 ,-8 ,-4.667 ,0 | 0 ,2 
0 ,0 ,-4 ,-2 ,-3 ,-2 ,3 | 0 ,3.6 

R6 --> R6 + 2.3333*R3

1 ,0 ,0 ,0 ,0 ,0 ,0 | 0 ,1 
0 ,1 ,0 ,0 ,0 ,0 ,0 | 0 ,-0.9 
0 ,0 ,1 ,0 ,0 ,0 ,0 | 0 ,-0.6 
0 ,0 ,0 ,1 ,0 ,0 ,0 | 0 ,0.5 
0 ,0 ,0 ,-2.571 ,-5.714 ,0 ,0 | 0 ,-3.571 
0 ,0 ,0 ,-2.667 ,-8 ,-4.667 ,0 | 0 ,0.6 
0 ,0 ,-4 ,-2 ,-3 ,-2 ,3 | 0 ,3.6 

R7 --> R7 + 4*R3

1 ,0 ,0 ,0 ,0 ,0 ,0 | 0 ,1 
0 ,1 ,0 ,0 ,0 ,0 ,0 | 0 ,-0.9 
0 ,0 ,1 ,0 ,0 ,0 ,0 | 0 ,-0.6 
0 ,0 ,0 ,1 ,0 ,0 ,0 | 0 ,0.5 
0 ,0 ,0 ,-2.571 ,-5.714 ,0 ,0 | 0 ,-3.571 
0 ,0 ,0 ,-2.667 ,-8 ,-4.667 ,0 | 0 ,0.6 
0 ,0 ,0 ,-2 ,-3 ,-2 ,3 | 0 ,1.2 

R5 --> R5 + 2.5714*R4

1 ,0 ,0 ,0 ,0 ,0 ,0 | 0 ,1 
0 ,1 ,0 ,0 ,0 ,0 ,0 | 0 ,-0.9 
0 ,0 ,1 ,0 ,0 ,0 ,0 | 0 ,-0.6 
0 ,0 ,0 ,1 ,0 ,0 ,0 | 0 ,0.5 
0 ,0 ,0 ,0 ,-5.714 ,0 ,0 | 0 ,-2.286 
0 ,0 ,0 ,-2.667 ,-8 ,-4.667 ,0 | 0 ,0.6 
0 ,0 ,0 ,-2 ,-3 ,-2 ,3 | 0 ,1.2 

R5 --> -0.175*R5

1 ,0 ,0 ,0 ,0 ,0 ,0 | 0 ,1 
0 ,1 ,0 ,0 ,0 ,0 ,0 | 0 ,-0.9 
0 ,0 ,1 ,0 ,0 ,0 ,0 | 0 ,-0.6 
0 ,0 ,0 ,1 ,0 ,0 ,0 | 0 ,0.5 
0 ,0 ,0 ,0 ,1 ,0 ,0 | 0 ,0.4 
0 ,0 ,0 ,-2.667 ,-8 ,-4.667 ,0 | 0 ,0.6 
0 ,0 ,0 ,-2 ,-3 ,-2 ,3 | 0 ,1.2 

R6 --> R6 + 2.6667*R4

1 ,0 ,0 ,0 ,0 ,0 ,0 | 0 ,1 
0 ,1 ,0 ,0 ,0 ,0 ,0 | 0 ,-0.9 
0 ,0 ,1 ,0 ,0 ,0 ,0 | 0 ,-0.6 
0 ,0 ,0 ,1 ,0 ,0 ,0 | 0 ,0.5 
0 ,0 ,0 ,0 ,1 ,0 ,0 | 0 ,0.4 
0 ,0 ,0 ,0 ,-8 ,-4.667 ,0 | 0 ,1.933 
0 ,0 ,0 ,-2 ,-3 ,-2 ,3 | 0 ,1.2 

R7 --> R7 + 2*R4

1 ,0 ,0 ,0 ,0 ,0 ,0 | 0 ,1 
0 ,1 ,0 ,0 ,0 ,0 ,0 | 0 ,-0.9 
0 ,0 ,1 ,0 ,0 ,0 ,0 | 0 ,-0.6 
0 ,0 ,0 ,1 ,0 ,0 ,0 | 0 ,0.5 
0 ,0 ,0 ,0 ,1 ,0 ,0 | 0 ,0.4 
0 ,0 ,0 ,0 ,-8 ,-4.667 ,0 | 0 ,1.933 
0 ,0 ,0 ,0 ,-3 ,-2 ,3 | 0 ,2.2 

R6 --> R6 + 8*R5

1 ,0 ,0 ,0 ,0 ,0 ,0 | 0 ,1 
0 ,1 ,0 ,0 ,0 ,0 ,0 | 0 ,-0.9 
0 ,0 ,1 ,0 ,0 ,0 ,0 | 0 ,-0.6 
0 ,0 ,0 ,1 ,0 ,0 ,0 | 0 ,0.5 
0 ,0 ,0 ,0 ,1 ,0 ,0 | 0 ,0.4 
0 ,0 ,0 ,0 ,0 ,-4.667 ,0 | 0 ,5.133 
0 ,0 ,0 ,0 ,-3 ,-2 ,3 | 0 ,2.2 

R6 --> -0.2143*R6

1 ,0 ,0 ,0 ,0 ,0 ,0 | 0 ,1 
0 ,1 ,0 ,0 ,0 ,0 ,0 | 0 ,-0.9 
0 ,0 ,1 ,0 ,0 ,0 ,0 | 0 ,-0.6 
0 ,0 ,0 ,1 ,0 ,0 ,0 | 0 ,0.5 
0 ,0 ,0 ,0 ,1 ,0 ,0 | 0 ,0.4 
0 ,0 ,0 ,0 ,0 ,1 ,0 | 0 ,-1.1 
0 ,0 ,0 ,0 ,-3 ,-2 ,3 | 0 ,2.2 

R7 --> R7 + 3*R5

1 ,0 ,0 ,0 ,0 ,0 ,0 | 0 ,1 
0 ,1 ,0 ,0 ,0 ,0 ,0 | 0 ,-0.9 
0 ,0 ,1 ,0 ,0 ,0 ,0 | 0 ,-0.6 
0 ,0 ,0 ,1 ,0 ,0 ,0 | 0 ,0.5 
0 ,0 ,0 ,0 ,1 ,0 ,0 | 0 ,0.4 
0 ,0 ,0 ,0 ,0 ,1 ,0 | 0 ,-1.1 
0 ,0 ,0 ,0 ,0 ,-2 ,3 | 0 ,3.4 

R7 --> R7 + 2*R6

1 ,0 ,0 ,0 ,0 ,0 ,0 | 0 ,1 
0 ,1 ,0 ,0 ,0 ,0 ,0 | 0 ,-0.9 
0 ,0 ,1 ,0 ,0 ,0 ,0 | 0 ,-0.6 
0 ,0 ,0 ,1 ,0 ,0 ,0 | 0 ,0.5 
0 ,0 ,0 ,0 ,1 ,0 ,0 | 0 ,0.4 
0 ,0 ,0 ,0 ,0 ,1 ,0 | 0 ,-1.1 
0 ,0 ,0 ,0 ,0 ,0 ,3 | 0 ,1.2 

R7 --> 0.3333*R7

1 ,0 ,0 ,0 ,0 ,0 ,0 | 0 ,1 
0 ,1 ,0 ,0 ,0 ,0 ,0 | 0 ,-0.9 
0 ,0 ,1 ,0 ,0 ,0 ,0 | 0 ,-0.6 
0 ,0 ,0 ,1 ,0 ,0 ,0 | 0 ,0.5 
0 ,0 ,0 ,0 ,1 ,0 ,0 | 0 ,0.4 
0 ,0 ,0 ,0 ,0 ,1 ,0 | 0 ,-1.1 
0 ,0 ,0 ,0 ,0 ,0 ,1 | 0 ,0.4 

solution is infinite set of vectors that linear dependent in line: x = s*( 1 , -0.9 , -0.6 , 0.5 , 0.4 , -1.1 , 0.4 )
