Solve The Next System Under Space R8:
  4*x1 + 4*x2 - 4*x3 - x4 - 4*x5 - x6 + 4*x7 - x8 = 0
  4*x2 - 4*x3 + 4*x4 + 3*x6 + x7 + 4*x8 = 0
- 4*x1 + 3*x2 - 3*x3 + x6 - 2*x7 - 2*x8 = 0
  3*x2 - 2*x3 + 2*x4 + 4*x5 = 0
  x1 - x2 + 2*x3 - 3*x5 + 2*x6 + 2*x7 = 0
  3*x1 - 2*x2 - x4 + 4*x6 - 4*x7 + x8 = 0
- 2*x1 + 3*x2 - x3 + 3*x4 - x5 + x6 + 4*x7 + 4*x8 = 0
- 4*x1 - x2 - 4*x4 - 4*x5 - 3*x6 - x7 - 4*x8 = 0

4 ,4 ,-4 ,-1 ,-4 ,-1 ,4 ,-1 | 0 
0 ,4 ,-4 ,4 ,0 ,3 ,1 ,4 | 0 
-4 ,3 ,-3 ,0 ,0 ,1 ,-2 ,-2 | 0 
0 ,3 ,-2 ,2 ,4 ,0 ,0 ,0 | 0 
1 ,-1 ,2 ,0 ,-3 ,2 ,2 ,0 | 0 
3 ,-2 ,0 ,-1 ,0 ,4 ,-4 ,1 | 0 
-2 ,3 ,-1 ,3 ,-1 ,1 ,4 ,4 | 0 
-4 ,-1 ,0 ,-4 ,-4 ,-3 ,-1 ,-4 | 0 

R3 --> R3 + R1

4 ,4 ,-4 ,-1 ,-4 ,-1 ,4 ,-1 | 0 
0 ,4 ,-4 ,4 ,0 ,3 ,1 ,4 | 0 
0 ,7 ,-7 ,-1 ,-4 ,0 ,2 ,-3 | 0 
0 ,3 ,-2 ,2 ,4 ,0 ,0 ,0 | 0 
1 ,-1 ,2 ,0 ,-3 ,2 ,2 ,0 | 0 
3 ,-2 ,0 ,-1 ,0 ,4 ,-4 ,1 | 0 
-2 ,3 ,-1 ,3 ,-1 ,1 ,4 ,4 | 0 
-4 ,-1 ,0 ,-4 ,-4 ,-3 ,-1 ,-4 | 0 

R5 --> R5 - 1/4*R1

4 ,4 ,-4 ,-1 ,-4 ,-1 ,4 ,-1 | 0 
0 ,4 ,-4 ,4 ,0 ,3 ,1 ,4 | 0 
0 ,7 ,-7 ,-1 ,-4 ,0 ,2 ,-3 | 0 
0 ,3 ,-2 ,2 ,4 ,0 ,0 ,0 | 0 
0 ,-2 ,3 ,1/4 ,-2 ,9/4 ,1 ,1/4 | 0 
3 ,-2 ,0 ,-1 ,0 ,4 ,-4 ,1 | 0 
-2 ,3 ,-1 ,3 ,-1 ,1 ,4 ,4 | 0 
-4 ,-1 ,0 ,-4 ,-4 ,-3 ,-1 ,-4 | 0 

R6 --> R6 - 3/4*R1

4 ,4 ,-4 ,-1 ,-4 ,-1 ,4 ,-1 | 0 
0 ,4 ,-4 ,4 ,0 ,3 ,1 ,4 | 0 
0 ,7 ,-7 ,-1 ,-4 ,0 ,2 ,-3 | 0 
0 ,3 ,-2 ,2 ,4 ,0 ,0 ,0 | 0 
0 ,-2 ,3 ,1/4 ,-2 ,9/4 ,1 ,1/4 | 0 
0 ,-5 ,3 ,-1/4 ,3 ,19/4 ,-7 ,7/4 | 0 
-2 ,3 ,-1 ,3 ,-1 ,1 ,4 ,4 | 0 
-4 ,-1 ,0 ,-4 ,-4 ,-3 ,-1 ,-4 | 0 

R7 --> R7 + 1/2*R1

4 ,4 ,-4 ,-1 ,-4 ,-1 ,4 ,-1 | 0 
0 ,4 ,-4 ,4 ,0 ,3 ,1 ,4 | 0 
0 ,7 ,-7 ,-1 ,-4 ,0 ,2 ,-3 | 0 
0 ,3 ,-2 ,2 ,4 ,0 ,0 ,0 | 0 
0 ,-2 ,3 ,1/4 ,-2 ,9/4 ,1 ,1/4 | 0 
0 ,-5 ,3 ,-1/4 ,3 ,19/4 ,-7 ,7/4 | 0 
0 ,5 ,-3 ,5/2 ,-3 ,1/2 ,6 ,7/2 | 0 
-4 ,-1 ,0 ,-4 ,-4 ,-3 ,-1 ,-4 | 0 

R8 --> R8 + R1

4 ,4 ,-4 ,-1 ,-4 ,-1 ,4 ,-1 | 0 
0 ,4 ,-4 ,4 ,0 ,3 ,1 ,4 | 0 
0 ,7 ,-7 ,-1 ,-4 ,0 ,2 ,-3 | 0 
0 ,3 ,-2 ,2 ,4 ,0 ,0 ,0 | 0 
0 ,-2 ,3 ,1/4 ,-2 ,9/4 ,1 ,1/4 | 0 
0 ,-5 ,3 ,-1/4 ,3 ,19/4 ,-7 ,7/4 | 0 
0 ,5 ,-3 ,5/2 ,-3 ,1/2 ,6 ,7/2 | 0 
0 ,3 ,-4 ,-5 ,-8 ,-4 ,3 ,-5 | 0 

R1 --> R1 - R2

4 ,0 ,0 ,-5 ,-4 ,-4 ,3 ,-5 | 0 
0 ,4 ,-4 ,4 ,0 ,3 ,1 ,4 | 0 
0 ,7 ,-7 ,-1 ,-4 ,0 ,2 ,-3 | 0 
0 ,3 ,-2 ,2 ,4 ,0 ,0 ,0 | 0 
0 ,-2 ,3 ,1/4 ,-2 ,9/4 ,1 ,1/4 | 0 
0 ,-5 ,3 ,-1/4 ,3 ,19/4 ,-7 ,7/4 | 0 
0 ,5 ,-3 ,5/2 ,-3 ,1/2 ,6 ,7/2 | 0 
0 ,3 ,-4 ,-5 ,-8 ,-4 ,3 ,-5 | 0 

R3 --> R3 - 7/4*R2

4 ,0 ,0 ,-5 ,-4 ,-4 ,3 ,-5 | 0 
0 ,4 ,-4 ,4 ,0 ,3 ,1 ,4 | 0 
0 ,0 ,0 ,-8 ,-4 ,-21/4 ,1/4 ,-10 | 0 
0 ,3 ,-2 ,2 ,4 ,0 ,0 ,0 | 0 
0 ,-2 ,3 ,1/4 ,-2 ,9/4 ,1 ,1/4 | 0 
0 ,-5 ,3 ,-1/4 ,3 ,19/4 ,-7 ,7/4 | 0 
0 ,5 ,-3 ,5/2 ,-3 ,1/2 ,6 ,7/2 | 0 
0 ,3 ,-4 ,-5 ,-8 ,-4 ,3 ,-5 | 0 

R4 --> R4 - 3/4*R2

4 ,0 ,0 ,-5 ,-4 ,-4 ,3 ,-5 | 0 
0 ,4 ,-4 ,4 ,0 ,3 ,1 ,4 | 0 
0 ,0 ,0 ,-8 ,-4 ,-21/4 ,1/4 ,-10 | 0 
0 ,0 ,1 ,-1 ,4 ,-9/4 ,-3/4 ,-3 | 0 
0 ,-2 ,3 ,1/4 ,-2 ,9/4 ,1 ,1/4 | 0 
0 ,-5 ,3 ,-1/4 ,3 ,19/4 ,-7 ,7/4 | 0 
0 ,5 ,-3 ,5/2 ,-3 ,1/2 ,6 ,7/2 | 0 
0 ,3 ,-4 ,-5 ,-8 ,-4 ,3 ,-5 | 0 

R5 --> R5 + 1/2*R2

4 ,0 ,0 ,-5 ,-4 ,-4 ,3 ,-5 | 0 
0 ,4 ,-4 ,4 ,0 ,3 ,1 ,4 | 0 
0 ,0 ,0 ,-8 ,-4 ,-21/4 ,1/4 ,-10 | 0 
0 ,0 ,1 ,-1 ,4 ,-9/4 ,-3/4 ,-3 | 0 
0 ,0 ,1 ,9/4 ,-2 ,15/4 ,3/2 ,9/4 | 0 
0 ,-5 ,3 ,-1/4 ,3 ,19/4 ,-7 ,7/4 | 0 
0 ,5 ,-3 ,5/2 ,-3 ,1/2 ,6 ,7/2 | 0 
0 ,3 ,-4 ,-5 ,-8 ,-4 ,3 ,-5 | 0 

R6 --> R6 + 5/4*R2

4 ,0 ,0 ,-5 ,-4 ,-4 ,3 ,-5 | 0 
0 ,4 ,-4 ,4 ,0 ,3 ,1 ,4 | 0 
0 ,0 ,0 ,-8 ,-4 ,-21/4 ,1/4 ,-10 | 0 
0 ,0 ,1 ,-1 ,4 ,-9/4 ,-3/4 ,-3 | 0 
0 ,0 ,1 ,9/4 ,-2 ,15/4 ,3/2 ,9/4 | 0 
0 ,0 ,-2 ,19/4 ,3 ,17/2 ,-23/4 ,27/4 | 0 
0 ,5 ,-3 ,5/2 ,-3 ,1/2 ,6 ,7/2 | 0 
0 ,3 ,-4 ,-5 ,-8 ,-4 ,3 ,-5 | 0 

R7 --> R7 - 5/4*R2

4 ,0 ,0 ,-5 ,-4 ,-4 ,3 ,-5 | 0 
0 ,4 ,-4 ,4 ,0 ,3 ,1 ,4 | 0 
0 ,0 ,0 ,-8 ,-4 ,-21/4 ,1/4 ,-10 | 0 
0 ,0 ,1 ,-1 ,4 ,-9/4 ,-3/4 ,-3 | 0 
0 ,0 ,1 ,9/4 ,-2 ,15/4 ,3/2 ,9/4 | 0 
0 ,0 ,-2 ,19/4 ,3 ,17/2 ,-23/4 ,27/4 | 0 
0 ,0 ,2 ,-5/2 ,-3 ,-13/4 ,19/4 ,-3/2 | 0 
0 ,3 ,-4 ,-5 ,-8 ,-4 ,3 ,-5 | 0 

R8 --> R8 - 3/4*R2

4 ,0 ,0 ,-5 ,-4 ,-4 ,3 ,-5 | 0 
0 ,4 ,-4 ,4 ,0 ,3 ,1 ,4 | 0 
0 ,0 ,0 ,-8 ,-4 ,-21/4 ,1/4 ,-10 | 0 
0 ,0 ,1 ,-1 ,4 ,-9/4 ,-3/4 ,-3 | 0 
0 ,0 ,1 ,9/4 ,-2 ,15/4 ,3/2 ,9/4 | 0 
0 ,0 ,-2 ,19/4 ,3 ,17/2 ,-23/4 ,27/4 | 0 
0 ,0 ,2 ,-5/2 ,-3 ,-13/4 ,19/4 ,-3/2 | 0 
0 ,0 ,-1 ,-8 ,-8 ,-25/4 ,9/4 ,-8 | 0 

R3 <--> R4

4 ,0 ,0 ,-5 ,-4 ,-4 ,3 ,-5 | 0 
0 ,4 ,-4 ,4 ,0 ,3 ,1 ,4 | 0 
0 ,0 ,1 ,-1 ,4 ,-9/4 ,-3/4 ,-3 | 0 
0 ,0 ,0 ,-8 ,-4 ,-21/4 ,1/4 ,-10 | 0 
0 ,0 ,1 ,9/4 ,-2 ,15/4 ,3/2 ,9/4 | 0 
0 ,0 ,-2 ,19/4 ,3 ,17/2 ,-23/4 ,27/4 | 0 
0 ,0 ,2 ,-5/2 ,-3 ,-13/4 ,19/4 ,-3/2 | 0 
0 ,0 ,-1 ,-8 ,-8 ,-25/4 ,9/4 ,-8 | 0 

R2 --> R2 + 4*R3

4 ,0 ,0 ,-5 ,-4 ,-4 ,3 ,-5 | 0 
0 ,4 ,0 ,0 ,16 ,-6 ,-2 ,-8 | 0 
0 ,0 ,1 ,-1 ,4 ,-9/4 ,-3/4 ,-3 | 0 
0 ,0 ,0 ,-8 ,-4 ,-21/4 ,1/4 ,-10 | 0 
0 ,0 ,1 ,9/4 ,-2 ,15/4 ,3/2 ,9/4 | 0 
0 ,0 ,-2 ,19/4 ,3 ,17/2 ,-23/4 ,27/4 | 0 
0 ,0 ,2 ,-5/2 ,-3 ,-13/4 ,19/4 ,-3/2 | 0 
0 ,0 ,-1 ,-8 ,-8 ,-25/4 ,9/4 ,-8 | 0 

R5 --> R5 - R3

4 ,0 ,0 ,-5 ,-4 ,-4 ,3 ,-5 | 0 
0 ,4 ,0 ,0 ,16 ,-6 ,-2 ,-8 | 0 
0 ,0 ,1 ,-1 ,4 ,-9/4 ,-3/4 ,-3 | 0 
0 ,0 ,0 ,-8 ,-4 ,-21/4 ,1/4 ,-10 | 0 
0 ,0 ,0 ,13/4 ,-6 ,6 ,9/4 ,21/4 | 0 
0 ,0 ,-2 ,19/4 ,3 ,17/2 ,-23/4 ,27/4 | 0 
0 ,0 ,2 ,-5/2 ,-3 ,-13/4 ,19/4 ,-3/2 | 0 
0 ,0 ,-1 ,-8 ,-8 ,-25/4 ,9/4 ,-8 | 0 

R6 --> R6 + 2*R3

4 ,0 ,0 ,-5 ,-4 ,-4 ,3 ,-5 | 0 
0 ,4 ,0 ,0 ,16 ,-6 ,-2 ,-8 | 0 
0 ,0 ,1 ,-1 ,4 ,-9/4 ,-3/4 ,-3 | 0 
0 ,0 ,0 ,-8 ,-4 ,-21/4 ,1/4 ,-10 | 0 
0 ,0 ,0 ,13/4 ,-6 ,6 ,9/4 ,21/4 | 0 
0 ,0 ,0 ,11/4 ,11 ,4 ,-29/4 ,3/4 | 0 
0 ,0 ,2 ,-5/2 ,-3 ,-13/4 ,19/4 ,-3/2 | 0 
0 ,0 ,-1 ,-8 ,-8 ,-25/4 ,9/4 ,-8 | 0 

R7 --> R7 - 2*R3

4 ,0 ,0 ,-5 ,-4 ,-4 ,3 ,-5 | 0 
0 ,4 ,0 ,0 ,16 ,-6 ,-2 ,-8 | 0 
0 ,0 ,1 ,-1 ,4 ,-9/4 ,-3/4 ,-3 | 0 
0 ,0 ,0 ,-8 ,-4 ,-21/4 ,1/4 ,-10 | 0 
0 ,0 ,0 ,13/4 ,-6 ,6 ,9/4 ,21/4 | 0 
0 ,0 ,0 ,11/4 ,11 ,4 ,-29/4 ,3/4 | 0 
0 ,0 ,0 ,-1/2 ,-11 ,5/4 ,25/4 ,9/2 | 0 
0 ,0 ,-1 ,-8 ,-8 ,-25/4 ,9/4 ,-8 | 0 

R8 --> R8 + R3

4 ,0 ,0 ,-5 ,-4 ,-4 ,3 ,-5 | 0 
0 ,4 ,0 ,0 ,16 ,-6 ,-2 ,-8 | 0 
0 ,0 ,1 ,-1 ,4 ,-9/4 ,-3/4 ,-3 | 0 
0 ,0 ,0 ,-8 ,-4 ,-21/4 ,1/4 ,-10 | 0 
0 ,0 ,0 ,13/4 ,-6 ,6 ,9/4 ,21/4 | 0 
0 ,0 ,0 ,11/4 ,11 ,4 ,-29/4 ,3/4 | 0 
0 ,0 ,0 ,-1/2 ,-11 ,5/4 ,25/4 ,9/2 | 0 
0 ,0 ,0 ,-9 ,-4 ,-17/2 ,3/2 ,-11 | 0 

R1 --> R1 - 5/8*R4

4 ,0 ,0 ,0 ,-3/2 ,-23/32 ,91/32 ,5/4 | 0 
0 ,4 ,0 ,0 ,16 ,-6 ,-2 ,-8 | 0 
0 ,0 ,1 ,-1 ,4 ,-9/4 ,-3/4 ,-3 | 0 
0 ,0 ,0 ,-8 ,-4 ,-21/4 ,1/4 ,-10 | 0 
0 ,0 ,0 ,13/4 ,-6 ,6 ,9/4 ,21/4 | 0 
0 ,0 ,0 ,11/4 ,11 ,4 ,-29/4 ,3/4 | 0 
0 ,0 ,0 ,-1/2 ,-11 ,5/4 ,25/4 ,9/2 | 0 
0 ,0 ,0 ,-9 ,-4 ,-17/2 ,3/2 ,-11 | 0 

R3 --> R3 - 1/8*R4

4 ,0 ,0 ,0 ,-3/2 ,-23/32 ,91/32 ,5/4 | 0 
0 ,4 ,0 ,0 ,16 ,-6 ,-2 ,-8 | 0 
0 ,0 ,1 ,0 ,9/2 ,-51/32 ,-25/32 ,-7/4 | 0 
0 ,0 ,0 ,-8 ,-4 ,-21/4 ,1/4 ,-10 | 0 
0 ,0 ,0 ,13/4 ,-6 ,6 ,9/4 ,21/4 | 0 
0 ,0 ,0 ,11/4 ,11 ,4 ,-29/4 ,3/4 | 0 
0 ,0 ,0 ,-1/2 ,-11 ,5/4 ,25/4 ,9/2 | 0 
0 ,0 ,0 ,-9 ,-4 ,-17/2 ,3/2 ,-11 | 0 

R5 --> R5 + 13/32*R4

4 ,0 ,0 ,0 ,-3/2 ,-23/32 ,91/32 ,5/4 | 0 
0 ,4 ,0 ,0 ,16 ,-6 ,-2 ,-8 | 0 
0 ,0 ,1 ,0 ,9/2 ,-51/32 ,-25/32 ,-7/4 | 0 
0 ,0 ,0 ,-8 ,-4 ,-21/4 ,1/4 ,-10 | 0 
0 ,0 ,0 ,0 ,-61/8 ,495/128 ,301/128 ,19/16 | 0 
0 ,0 ,0 ,11/4 ,11 ,4 ,-29/4 ,3/4 | 0 
0 ,0 ,0 ,-1/2 ,-11 ,5/4 ,25/4 ,9/2 | 0 
0 ,0 ,0 ,-9 ,-4 ,-17/2 ,3/2 ,-11 | 0 

R6 --> R6 + 11/32*R4

4 ,0 ,0 ,0 ,-3/2 ,-23/32 ,91/32 ,5/4 | 0 
0 ,4 ,0 ,0 ,16 ,-6 ,-2 ,-8 | 0 
0 ,0 ,1 ,0 ,9/2 ,-51/32 ,-25/32 ,-7/4 | 0 
0 ,0 ,0 ,-8 ,-4 ,-21/4 ,1/4 ,-10 | 0 
0 ,0 ,0 ,0 ,-61/8 ,495/128 ,301/128 ,19/16 | 0 
0 ,0 ,0 ,0 ,77/8 ,281/128 ,-917/128 ,-43/16 | 0 
0 ,0 ,0 ,-1/2 ,-11 ,5/4 ,25/4 ,9/2 | 0 
0 ,0 ,0 ,-9 ,-4 ,-17/2 ,3/2 ,-11 | 0 

R7 --> R7 - 1/16*R4

4 ,0 ,0 ,0 ,-3/2 ,-23/32 ,91/32 ,5/4 | 0 
0 ,4 ,0 ,0 ,16 ,-6 ,-2 ,-8 | 0 
0 ,0 ,1 ,0 ,9/2 ,-51/32 ,-25/32 ,-7/4 | 0 
0 ,0 ,0 ,-8 ,-4 ,-21/4 ,1/4 ,-10 | 0 
0 ,0 ,0 ,0 ,-61/8 ,495/128 ,301/128 ,19/16 | 0 
0 ,0 ,0 ,0 ,77/8 ,281/128 ,-917/128 ,-43/16 | 0 
0 ,0 ,0 ,0 ,-43/4 ,101/64 ,399/64 ,41/8 | 0 
0 ,0 ,0 ,-9 ,-4 ,-17/2 ,3/2 ,-11 | 0 

R8 --> R8 - 9/8*R4

4 ,0 ,0 ,0 ,-3/2 ,-23/32 ,91/32 ,5/4 | 0 
0 ,4 ,0 ,0 ,16 ,-6 ,-2 ,-8 | 0 
0 ,0 ,1 ,0 ,9/2 ,-51/32 ,-25/32 ,-7/4 | 0 
0 ,0 ,0 ,-8 ,-4 ,-21/4 ,1/4 ,-10 | 0 
0 ,0 ,0 ,0 ,-61/8 ,495/128 ,301/128 ,19/16 | 0 
0 ,0 ,0 ,0 ,77/8 ,281/128 ,-917/128 ,-43/16 | 0 
0 ,0 ,0 ,0 ,-43/4 ,101/64 ,399/64 ,41/8 | 0 
0 ,0 ,0 ,0 ,1/2 ,-83/32 ,39/32 ,1/4 | 0 

R1 --> R1 - 12/61*R5

4 ,0 ,0 ,0 ,0 ,-361/244 ,531/223 ,62/61 | 0 
0 ,4 ,0 ,0 ,16 ,-6 ,-2 ,-8 | 0 
0 ,0 ,1 ,0 ,9/2 ,-51/32 ,-25/32 ,-7/4 | 0 
0 ,0 ,0 ,-8 ,-4 ,-21/4 ,1/4 ,-10 | 0 
0 ,0 ,0 ,0 ,-61/8 ,495/128 ,301/128 ,19/16 | 0 
0 ,0 ,0 ,0 ,77/8 ,281/128 ,-917/128 ,-43/16 | 0 
0 ,0 ,0 ,0 ,-43/4 ,101/64 ,399/64 ,41/8 | 0 
0 ,0 ,0 ,0 ,1/2 ,-83/32 ,39/32 ,1/4 | 0 

R2 --> R2 + 128/61*R5

4 ,0 ,0 ,0 ,0 ,-361/244 ,531/223 ,62/61 | 0 
0 ,4 ,0 ,0 ,0 ,129/61 ,179/61 ,-336/61 | 0 
0 ,0 ,1 ,0 ,9/2 ,-51/32 ,-25/32 ,-7/4 | 0 
0 ,0 ,0 ,-8 ,-4 ,-21/4 ,1/4 ,-10 | 0 
0 ,0 ,0 ,0 ,-61/8 ,495/128 ,301/128 ,19/16 | 0 
0 ,0 ,0 ,0 ,77/8 ,281/128 ,-917/128 ,-43/16 | 0 
0 ,0 ,0 ,0 ,-43/4 ,101/64 ,399/64 ,41/8 | 0 
0 ,0 ,0 ,0 ,1/2 ,-83/32 ,39/32 ,1/4 | 0 

R3 --> R3 + 36/61*R5

4 ,0 ,0 ,0 ,0 ,-361/244 ,531/223 ,62/61 | 0 
0 ,4 ,0 ,0 ,0 ,129/61 ,179/61 ,-336/61 | 0 
0 ,0 ,1 ,0 ,0 ,42/61 ,37/61 ,-64/61 | 0 
0 ,0 ,0 ,-8 ,-4 ,-21/4 ,1/4 ,-10 | 0 
0 ,0 ,0 ,0 ,-61/8 ,495/128 ,301/128 ,19/16 | 0 
0 ,0 ,0 ,0 ,77/8 ,281/128 ,-917/128 ,-43/16 | 0 
0 ,0 ,0 ,0 ,-43/4 ,101/64 ,399/64 ,41/8 | 0 
0 ,0 ,0 ,0 ,1/2 ,-83/32 ,39/32 ,1/4 | 0 

R4 --> R4 - 32/61*R5

4 ,0 ,0 ,0 ,0 ,-361/244 ,531/223 ,62/61 | 0 
0 ,4 ,0 ,0 ,0 ,129/61 ,179/61 ,-336/61 | 0 
0 ,0 ,1 ,0 ,0 ,42/61 ,37/61 ,-64/61 | 0 
0 ,0 ,0 ,-8 ,0 ,-444/61 ,-60/61 ,-648/61 | 0 
0 ,0 ,0 ,0 ,-61/8 ,495/128 ,301/128 ,19/16 | 0 
0 ,0 ,0 ,0 ,77/8 ,281/128 ,-917/128 ,-43/16 | 0 
0 ,0 ,0 ,0 ,-43/4 ,101/64 ,399/64 ,41/8 | 0 
0 ,0 ,0 ,0 ,1/2 ,-83/32 ,39/32 ,1/4 | 0 

R6 --> R6 + 77/61*R5

4 ,0 ,0 ,0 ,0 ,-361/244 ,531/223 ,62/61 | 0 
0 ,4 ,0 ,0 ,0 ,129/61 ,179/61 ,-336/61 | 0 
0 ,0 ,1 ,0 ,0 ,42/61 ,37/61 ,-64/61 | 0 
0 ,0 ,0 ,-8 ,0 ,-444/61 ,-60/61 ,-648/61 | 0 
0 ,0 ,0 ,0 ,-61/8 ,495/128 ,301/128 ,19/16 | 0 
0 ,0 ,0 ,0 ,0 ,6815/963 ,-1951/465 ,-145/122 | 0 
0 ,0 ,0 ,0 ,-43/4 ,101/64 ,399/64 ,41/8 | 0 
0 ,0 ,0 ,0 ,1/2 ,-83/32 ,39/32 ,1/4 | 0 

R7 --> R7 - 86/61*R5

4 ,0 ,0 ,0 ,0 ,-361/244 ,531/223 ,62/61 | 0 
0 ,4 ,0 ,0 ,0 ,129/61 ,179/61 ,-336/61 | 0 
0 ,0 ,1 ,0 ,0 ,42/61 ,37/61 ,-64/61 | 0 
0 ,0 ,0 ,-8 ,0 ,-444/61 ,-60/61 ,-648/61 | 0 
0 ,0 ,0 ,0 ,-61/8 ,495/128 ,301/128 ,19/16 | 0 
0 ,0 ,0 ,0 ,0 ,6815/963 ,-1951/465 ,-145/122 | 0 
0 ,0 ,0 ,0 ,0 ,-461/119 ,505/173 ,421/122 | 0 
0 ,0 ,0 ,0 ,1/2 ,-83/32 ,39/32 ,1/4 | 0 

R8 --> R8 + 4/61*R5

4 ,0 ,0 ,0 ,0 ,-361/244 ,531/223 ,62/61 | 0 
0 ,4 ,0 ,0 ,0 ,129/61 ,179/61 ,-336/61 | 0 
0 ,0 ,1 ,0 ,0 ,42/61 ,37/61 ,-64/61 | 0 
0 ,0 ,0 ,-8 ,0 ,-444/61 ,-60/61 ,-648/61 | 0 
0 ,0 ,0 ,0 ,-61/8 ,495/128 ,301/128 ,19/16 | 0 
0 ,0 ,0 ,0 ,0 ,6815/963 ,-1951/465 ,-145/122 | 0 
0 ,0 ,0 ,0 ,0 ,-461/119 ,505/173 ,421/122 | 0 
0 ,0 ,0 ,0 ,0 ,-571/244 ,335/244 ,20/61 | 0 

R1 --> R1 + 143/684*R6

4 ,0 ,0 ,0 ,0 ,0 ,567/377 ,225/293 | 0 
0 ,4 ,0 ,0 ,0 ,129/61 ,179/61 ,-336/61 | 0 
0 ,0 ,1 ,0 ,0 ,42/61 ,37/61 ,-64/61 | 0 
0 ,0 ,0 ,-8 ,0 ,-444/61 ,-60/61 ,-648/61 | 0 
0 ,0 ,0 ,0 ,-61/8 ,495/128 ,301/128 ,19/16 | 0 
0 ,0 ,0 ,0 ,0 ,6815/963 ,-1951/465 ,-145/122 | 0 
0 ,0 ,0 ,0 ,0 ,-461/119 ,505/173 ,421/122 | 0 
0 ,0 ,0 ,0 ,0 ,-571/244 ,335/244 ,20/61 | 0 

R2 --> R2 - 153/512*R6

4 ,0 ,0 ,0 ,0 ,0 ,567/377 ,225/293 | 0 
0 ,4 ,0 ,0 ,0 ,0 ,356/85 ,-505/98 | 0 
0 ,0 ,1 ,0 ,0 ,42/61 ,37/61 ,-64/61 | 0 
0 ,0 ,0 ,-8 ,0 ,-444/61 ,-60/61 ,-648/61 | 0 
0 ,0 ,0 ,0 ,-61/8 ,495/128 ,301/128 ,19/16 | 0 
0 ,0 ,0 ,0 ,0 ,6815/963 ,-1951/465 ,-145/122 | 0 
0 ,0 ,0 ,0 ,0 ,-461/119 ,505/173 ,421/122 | 0 
0 ,0 ,0 ,0 ,0 ,-571/244 ,335/244 ,20/61 | 0 

R3 --> R3 - 97/997*R6

4 ,0 ,0 ,0 ,0 ,0 ,567/377 ,225/293 | 0 
0 ,4 ,0 ,0 ,0 ,0 ,356/85 ,-505/98 | 0 
0 ,0 ,1 ,0 ,0 ,0 ,275/271 ,-281/301 | 0 
0 ,0 ,0 ,-8 ,0 ,-444/61 ,-60/61 ,-648/61 | 0 
0 ,0 ,0 ,0 ,-61/8 ,495/128 ,301/128 ,19/16 | 0 
0 ,0 ,0 ,0 ,0 ,6815/963 ,-1951/465 ,-145/122 | 0 
0 ,0 ,0 ,0 ,0 ,-461/119 ,505/173 ,421/122 | 0 
0 ,0 ,0 ,0 ,0 ,-571/244 ,335/244 ,20/61 | 0 

R4 --> R4 + 577/561*R6

4 ,0 ,0 ,0 ,0 ,0 ,567/377 ,225/293 | 0 
0 ,4 ,0 ,0 ,0 ,0 ,356/85 ,-505/98 | 0 
0 ,0 ,1 ,0 ,0 ,0 ,275/271 ,-281/301 | 0 
0 ,0 ,0 ,-8 ,0 ,0 ,-514/97 ,-1149/97 | 0 
0 ,0 ,0 ,0 ,-61/8 ,495/128 ,301/128 ,19/16 | 0 
0 ,0 ,0 ,0 ,0 ,6815/963 ,-1951/465 ,-145/122 | 0 
0 ,0 ,0 ,0 ,0 ,-461/119 ,505/173 ,421/122 | 0 
0 ,0 ,0 ,0 ,0 ,-571/244 ,335/244 ,20/61 | 0 

R5 --> R5 - 347/635*R6

4 ,0 ,0 ,0 ,0 ,0 ,567/377 ,225/293 | 0 
0 ,4 ,0 ,0 ,0 ,0 ,356/85 ,-505/98 | 0 
0 ,0 ,1 ,0 ,0 ,0 ,275/271 ,-281/301 | 0 
0 ,0 ,0 ,-8 ,0 ,0 ,-514/97 ,-1149/97 | 0 
0 ,0 ,0 ,0 ,-61/8 ,0 ,692/149 ,924/503 | 0 
0 ,0 ,0 ,0 ,0 ,6815/963 ,-1951/465 ,-145/122 | 0 
0 ,0 ,0 ,0 ,0 ,-461/119 ,505/173 ,421/122 | 0 
0 ,0 ,0 ,0 ,0 ,-571/244 ,335/244 ,20/61 | 0 

R7 --> R7 + 127/232*R6

4 ,0 ,0 ,0 ,0 ,0 ,567/377 ,225/293 | 0 
0 ,4 ,0 ,0 ,0 ,0 ,356/85 ,-505/98 | 0 
0 ,0 ,1 ,0 ,0 ,0 ,275/271 ,-281/301 | 0 
0 ,0 ,0 ,-8 ,0 ,0 ,-514/97 ,-1149/97 | 0 
0 ,0 ,0 ,0 ,-61/8 ,0 ,692/149 ,924/503 | 0 
0 ,0 ,0 ,0 ,0 ,6815/963 ,-1951/465 ,-145/122 | 0 
0 ,0 ,0 ,0 ,0 ,0 ,285/458 ,2761/986 | 0 
0 ,0 ,0 ,0 ,0 ,-571/244 ,335/244 ,20/61 | 0 

R8 --> R8 + 83/251*R6

4 ,0 ,0 ,0 ,0 ,0 ,567/377 ,225/293 | 0 
0 ,4 ,0 ,0 ,0 ,0 ,356/85 ,-505/98 | 0 
0 ,0 ,1 ,0 ,0 ,0 ,275/271 ,-281/301 | 0 
0 ,0 ,0 ,-8 ,0 ,0 ,-514/97 ,-1149/97 | 0 
0 ,0 ,0 ,0 ,-61/8 ,0 ,692/149 ,924/503 | 0 
0 ,0 ,0 ,0 ,0 ,6815/963 ,-1951/465 ,-145/122 | 0 
0 ,0 ,0 ,0 ,0 ,0 ,285/458 ,2761/986 | 0 
0 ,0 ,0 ,0 ,0 ,0 ,-29/2003 ,-43/660 | 0 

R1 --> R1 - 713/295*R7

4 ,0 ,0 ,0 ,0 ,0 ,0 ,-6 | 0 
0 ,4 ,0 ,0 ,0 ,0 ,356/85 ,-505/98 | 0 
0 ,0 ,1 ,0 ,0 ,0 ,275/271 ,-281/301 | 0 
0 ,0 ,0 ,-8 ,0 ,0 ,-514/97 ,-1149/97 | 0 
0 ,0 ,0 ,0 ,-61/8 ,0 ,692/149 ,924/503 | 0 
0 ,0 ,0 ,0 ,0 ,6815/963 ,-1951/465 ,-145/122 | 0 
0 ,0 ,0 ,0 ,0 ,0 ,285/458 ,2761/986 | 0 
0 ,0 ,0 ,0 ,0 ,0 ,-29/2003 ,-43/660 | 0 

R2 --> R2 - 1299/193*R7

4 ,0 ,0 ,0 ,0 ,0 ,0 ,-6 | 0 
0 ,4 ,0 ,0 ,0 ,0 ,0 ,-24 | 0 
0 ,0 ,1 ,0 ,0 ,0 ,275/271 ,-281/301 | 0 
0 ,0 ,0 ,-8 ,0 ,0 ,-514/97 ,-1149/97 | 0 
0 ,0 ,0 ,0 ,-61/8 ,0 ,692/149 ,924/503 | 0 
0 ,0 ,0 ,0 ,0 ,6815/963 ,-1951/465 ,-145/122 | 0 
0 ,0 ,0 ,0 ,0 ,0 ,285/458 ,2761/986 | 0 
0 ,0 ,0 ,0 ,0 ,0 ,-29/2003 ,-43/660 | 0 

R3 --> R3 - 106/65*R7

4 ,0 ,0 ,0 ,0 ,0 ,0 ,-6 | 0 
0 ,4 ,0 ,0 ,0 ,0 ,0 ,-24 | 0 
0 ,0 ,1 ,0 ,0 ,0 ,0 ,-11/2 | 0 
0 ,0 ,0 ,-8 ,0 ,0 ,-514/97 ,-1149/97 | 0 
0 ,0 ,0 ,0 ,-61/8 ,0 ,692/149 ,924/503 | 0 
0 ,0 ,0 ,0 ,0 ,6815/963 ,-1951/465 ,-145/122 | 0 
0 ,0 ,0 ,0 ,0 ,0 ,285/458 ,2761/986 | 0 
0 ,0 ,0 ,0 ,0 ,0 ,-29/2003 ,-43/660 | 0 

R4 --> R4 + 545/64*R7

4 ,0 ,0 ,0 ,0 ,0 ,0 ,-6 | 0 
0 ,4 ,0 ,0 ,0 ,0 ,0 ,-24 | 0 
0 ,0 ,1 ,0 ,0 ,0 ,0 ,-11/2 | 0 
0 ,0 ,0 ,-8 ,0 ,0 ,0 ,12 | 0 
0 ,0 ,0 ,0 ,-61/8 ,0 ,692/149 ,924/503 | 0 
0 ,0 ,0 ,0 ,0 ,6815/963 ,-1951/465 ,-145/122 | 0 
0 ,0 ,0 ,0 ,0 ,0 ,285/458 ,2761/986 | 0 
0 ,0 ,0 ,0 ,0 ,0 ,-29/2003 ,-43/660 | 0 

R5 --> R5 - 1127/151*R7

4 ,0 ,0 ,0 ,0 ,0 ,0 ,-6 | 0 
0 ,4 ,0 ,0 ,0 ,0 ,0 ,-24 | 0 
0 ,0 ,1 ,0 ,0 ,0 ,0 ,-11/2 | 0 
0 ,0 ,0 ,-8 ,0 ,0 ,0 ,12 | 0 
0 ,0 ,0 ,0 ,-61/8 ,0 ,0 ,-305/16 | 0 
0 ,0 ,0 ,0 ,0 ,6815/963 ,-1951/465 ,-145/122 | 0 
0 ,0 ,0 ,0 ,0 ,0 ,285/458 ,2761/986 | 0 
0 ,0 ,0 ,0 ,0 ,0 ,-29/2003 ,-43/660 | 0 

R6 --> R6 + 681/101*R7

4 ,0 ,0 ,0 ,0 ,0 ,0 ,-6 | 0 
0 ,4 ,0 ,0 ,0 ,0 ,0 ,-24 | 0 
0 ,0 ,1 ,0 ,0 ,0 ,0 ,-11/2 | 0 
0 ,0 ,0 ,-8 ,0 ,0 ,0 ,12 | 0 
0 ,0 ,0 ,0 ,-61/8 ,0 ,0 ,-305/16 | 0 
0 ,0 ,0 ,0 ,0 ,6815/963 ,0 ,6723/380 | 0 
0 ,0 ,0 ,0 ,0 ,0 ,285/458 ,2761/986 | 0 
0 ,0 ,0 ,0 ,0 ,0 ,-29/2003 ,-43/660 | 0 

R8 --> R8 + 48/2063*R7

4 ,0 ,0 ,0 ,0 ,0 ,0 ,-6 | 0 
0 ,4 ,0 ,0 ,0 ,0 ,0 ,-24 | 0 
0 ,0 ,1 ,0 ,0 ,0 ,0 ,-11/2 | 0 
0 ,0 ,0 ,-8 ,0 ,0 ,0 ,12 | 0 
0 ,0 ,0 ,0 ,-61/8 ,0 ,0 ,-305/16 | 0 
0 ,0 ,0 ,0 ,0 ,6815/963 ,0 ,6723/380 | 0 
0 ,0 ,0 ,0 ,0 ,0 ,285/458 ,2761/986 | 0 
0 ,0 ,0 ,0 ,0 ,0 ,0 ,0 | 0 

define new column in b when x8 is free variable in R8:
4 ,0 ,0 ,0 ,0 ,0 ,0 ,-6 | 0 ,0 
0 ,4 ,0 ,0 ,0 ,0 ,0 ,-24 | 0 ,0 
0 ,0 ,1 ,0 ,0 ,0 ,0 ,-11/2 | 0 ,0 
0 ,0 ,0 ,-8 ,0 ,0 ,0 ,12 | 0 ,0 
0 ,0 ,0 ,0 ,-61/8 ,0 ,0 ,-305/16 | 0 ,0 
0 ,0 ,0 ,0 ,0 ,6815/963 ,0 ,6723/380 | 0 ,0 
0 ,0 ,0 ,0 ,0 ,0 ,285/458 ,2761/986 | 0 ,0 
0 ,0 ,0 ,0 ,0 ,0 ,0 ,1 | 0 ,1 

R1 --> R1 + 6*R8

4 ,0 ,0 ,0 ,0 ,0 ,0 ,0 | 0 ,6 
0 ,4 ,0 ,0 ,0 ,0 ,0 ,-24 | 0 ,0 
0 ,0 ,1 ,0 ,0 ,0 ,0 ,-11/2 | 0 ,0 
0 ,0 ,0 ,-8 ,0 ,0 ,0 ,12 | 0 ,0 
0 ,0 ,0 ,0 ,-61/8 ,0 ,0 ,-305/16 | 0 ,0 
0 ,0 ,0 ,0 ,0 ,6815/963 ,0 ,6723/380 | 0 ,0 
0 ,0 ,0 ,0 ,0 ,0 ,285/458 ,2761/986 | 0 ,0 
0 ,0 ,0 ,0 ,0 ,0 ,0 ,1 | 0 ,1 

R1 --> 1/4*R1

1 ,0 ,0 ,0 ,0 ,0 ,0 ,0 | 0 ,3/2 
0 ,4 ,0 ,0 ,0 ,0 ,0 ,-24 | 0 ,0 
0 ,0 ,1 ,0 ,0 ,0 ,0 ,-11/2 | 0 ,0 
0 ,0 ,0 ,-8 ,0 ,0 ,0 ,12 | 0 ,0 
0 ,0 ,0 ,0 ,-61/8 ,0 ,0 ,-305/16 | 0 ,0 
0 ,0 ,0 ,0 ,0 ,6815/963 ,0 ,6723/380 | 0 ,0 
0 ,0 ,0 ,0 ,0 ,0 ,285/458 ,2761/986 | 0 ,0 
0 ,0 ,0 ,0 ,0 ,0 ,0 ,1 | 0 ,1 

R2 --> R2 + 24*R8

1 ,0 ,0 ,0 ,0 ,0 ,0 ,0 | 0 ,3/2 
0 ,4 ,0 ,0 ,0 ,0 ,0 ,0 | 0 ,24 
0 ,0 ,1 ,0 ,0 ,0 ,0 ,-11/2 | 0 ,0 
0 ,0 ,0 ,-8 ,0 ,0 ,0 ,12 | 0 ,0 
0 ,0 ,0 ,0 ,-61/8 ,0 ,0 ,-305/16 | 0 ,0 
0 ,0 ,0 ,0 ,0 ,6815/963 ,0 ,6723/380 | 0 ,0 
0 ,0 ,0 ,0 ,0 ,0 ,285/458 ,2761/986 | 0 ,0 
0 ,0 ,0 ,0 ,0 ,0 ,0 ,1 | 0 ,1 

R2 --> 1/4*R2

1 ,0 ,0 ,0 ,0 ,0 ,0 ,0 | 0 ,3/2 
0 ,1 ,0 ,0 ,0 ,0 ,0 ,0 | 0 ,6 
0 ,0 ,1 ,0 ,0 ,0 ,0 ,-11/2 | 0 ,0 
0 ,0 ,0 ,-8 ,0 ,0 ,0 ,12 | 0 ,0 
0 ,0 ,0 ,0 ,-61/8 ,0 ,0 ,-305/16 | 0 ,0 
0 ,0 ,0 ,0 ,0 ,6815/963 ,0 ,6723/380 | 0 ,0 
0 ,0 ,0 ,0 ,0 ,0 ,285/458 ,2761/986 | 0 ,0 
0 ,0 ,0 ,0 ,0 ,0 ,0 ,1 | 0 ,1 

R3 --> R3 + 11/2*R8

1 ,0 ,0 ,0 ,0 ,0 ,0 ,0 | 0 ,3/2 
0 ,1 ,0 ,0 ,0 ,0 ,0 ,0 | 0 ,6 
0 ,0 ,1 ,0 ,0 ,0 ,0 ,0 | 0 ,11/2 
0 ,0 ,0 ,-8 ,0 ,0 ,0 ,12 | 0 ,0 
0 ,0 ,0 ,0 ,-61/8 ,0 ,0 ,-305/16 | 0 ,0 
0 ,0 ,0 ,0 ,0 ,6815/963 ,0 ,6723/380 | 0 ,0 
0 ,0 ,0 ,0 ,0 ,0 ,285/458 ,2761/986 | 0 ,0 
0 ,0 ,0 ,0 ,0 ,0 ,0 ,1 | 0 ,1 

R4 --> R4 - 12*R8

1 ,0 ,0 ,0 ,0 ,0 ,0 ,0 | 0 ,3/2 
0 ,1 ,0 ,0 ,0 ,0 ,0 ,0 | 0 ,6 
0 ,0 ,1 ,0 ,0 ,0 ,0 ,0 | 0 ,11/2 
0 ,0 ,0 ,-8 ,0 ,0 ,0 ,0 | 0 ,-12 
0 ,0 ,0 ,0 ,-61/8 ,0 ,0 ,-305/16 | 0 ,0 
0 ,0 ,0 ,0 ,0 ,6815/963 ,0 ,6723/380 | 0 ,0 
0 ,0 ,0 ,0 ,0 ,0 ,285/458 ,2761/986 | 0 ,0 
0 ,0 ,0 ,0 ,0 ,0 ,0 ,1 | 0 ,1 

R4 --> -1/8*R4

1 ,0 ,0 ,0 ,0 ,0 ,0 ,0 | 0 ,3/2 
0 ,1 ,0 ,0 ,0 ,0 ,0 ,0 | 0 ,6 
0 ,0 ,1 ,0 ,0 ,0 ,0 ,0 | 0 ,11/2 
0 ,0 ,0 ,1 ,0 ,0 ,0 ,0 | 0 ,3/2 
0 ,0 ,0 ,0 ,-61/8 ,0 ,0 ,-305/16 | 0 ,0 
0 ,0 ,0 ,0 ,0 ,6815/963 ,0 ,6723/380 | 0 ,0 
0 ,0 ,0 ,0 ,0 ,0 ,285/458 ,2761/986 | 0 ,0 
0 ,0 ,0 ,0 ,0 ,0 ,0 ,1 | 0 ,1 

R5 --> R5 + 305/16*R8

1 ,0 ,0 ,0 ,0 ,0 ,0 ,0 | 0 ,3/2 
0 ,1 ,0 ,0 ,0 ,0 ,0 ,0 | 0 ,6 
0 ,0 ,1 ,0 ,0 ,0 ,0 ,0 | 0 ,11/2 
0 ,0 ,0 ,1 ,0 ,0 ,0 ,0 | 0 ,3/2 
0 ,0 ,0 ,0 ,-61/8 ,0 ,0 ,0 | 0 ,305/16 
0 ,0 ,0 ,0 ,0 ,6815/963 ,0 ,6723/380 | 0 ,0 
0 ,0 ,0 ,0 ,0 ,0 ,285/458 ,2761/986 | 0 ,0 
0 ,0 ,0 ,0 ,0 ,0 ,0 ,1 | 0 ,1 

R5 --> -8/61*R5

1 ,0 ,0 ,0 ,0 ,0 ,0 ,0 | 0 ,3/2 
0 ,1 ,0 ,0 ,0 ,0 ,0 ,0 | 0 ,6 
0 ,0 ,1 ,0 ,0 ,0 ,0 ,0 | 0 ,11/2 
0 ,0 ,0 ,1 ,0 ,0 ,0 ,0 | 0 ,3/2 
0 ,0 ,0 ,0 ,1 ,0 ,0 ,0 | 0 ,-5/2 
0 ,0 ,0 ,0 ,0 ,6815/963 ,0 ,6723/380 | 0 ,0 
0 ,0 ,0 ,0 ,0 ,0 ,285/458 ,2761/986 | 0 ,0 
0 ,0 ,0 ,0 ,0 ,0 ,0 ,1 | 0 ,1 

R6 --> R6 - 6723/380*R8

1 ,0 ,0 ,0 ,0 ,0 ,0 ,0 | 0 ,3/2 
0 ,1 ,0 ,0 ,0 ,0 ,0 ,0 | 0 ,6 
0 ,0 ,1 ,0 ,0 ,0 ,0 ,0 | 0 ,11/2 
0 ,0 ,0 ,1 ,0 ,0 ,0 ,0 | 0 ,3/2 
0 ,0 ,0 ,0 ,1 ,0 ,0 ,0 | 0 ,-5/2 
0 ,0 ,0 ,0 ,0 ,6815/963 ,0 ,0 | 0 ,-6723/380 
0 ,0 ,0 ,0 ,0 ,0 ,285/458 ,2761/986 | 0 ,0 
0 ,0 ,0 ,0 ,0 ,0 ,0 ,1 | 0 ,1 

R6 --> 963/6815*R6

1 ,0 ,0 ,0 ,0 ,0 ,0 ,0 | 0 ,3/2 
0 ,1 ,0 ,0 ,0 ,0 ,0 ,0 | 0 ,6 
0 ,0 ,1 ,0 ,0 ,0 ,0 ,0 | 0 ,11/2 
0 ,0 ,0 ,1 ,0 ,0 ,0 ,0 | 0 ,3/2 
0 ,0 ,0 ,0 ,1 ,0 ,0 ,0 | 0 ,-5/2 
0 ,0 ,0 ,0 ,0 ,1 ,0 ,0 | 0 ,-5/2 
0 ,0 ,0 ,0 ,0 ,0 ,285/458 ,2761/986 | 0 ,0 
0 ,0 ,0 ,0 ,0 ,0 ,0 ,1 | 0 ,1 

R7 --> R7 - 2761/986*R8

1 ,0 ,0 ,0 ,0 ,0 ,0 ,0 | 0 ,3/2 
0 ,1 ,0 ,0 ,0 ,0 ,0 ,0 | 0 ,6 
0 ,0 ,1 ,0 ,0 ,0 ,0 ,0 | 0 ,11/2 
0 ,0 ,0 ,1 ,0 ,0 ,0 ,0 | 0 ,3/2 
0 ,0 ,0 ,0 ,1 ,0 ,0 ,0 | 0 ,-5/2 
0 ,0 ,0 ,0 ,0 ,1 ,0 ,0 | 0 ,-5/2 
0 ,0 ,0 ,0 ,0 ,0 ,285/458 ,0 | 0 ,-2761/986 
0 ,0 ,0 ,0 ,0 ,0 ,0 ,1 | 0 ,1 

R7 --> 458/285*R7

1 ,0 ,0 ,0 ,0 ,0 ,0 ,0 | 0 ,3/2 
0 ,1 ,0 ,0 ,0 ,0 ,0 ,0 | 0 ,6 
0 ,0 ,1 ,0 ,0 ,0 ,0 ,0 | 0 ,11/2 
0 ,0 ,0 ,1 ,0 ,0 ,0 ,0 | 0 ,3/2 
0 ,0 ,0 ,0 ,1 ,0 ,0 ,0 | 0 ,-5/2 
0 ,0 ,0 ,0 ,0 ,1 ,0 ,0 | 0 ,-5/2 
0 ,0 ,0 ,0 ,0 ,0 ,1 ,0 | 0 ,-9/2 
0 ,0 ,0 ,0 ,0 ,0 ,0 ,1 | 0 ,1 

solution is infinite set of vectors that linear dependent in line: x = λ*( 3/2 , 6 , 11/2 , 3/2 , -5/2 , -5/2 , -9/2 , 1 ) = λ*( 3 , 12 , 11 , 3 , -5 , -5 , -9 , 2 )

########################################################################################################################################
Solve The Next System Under Space R8:
  2*x1 + 2*x3 - x5 + x6 - 3*x7 + 2*x8 = 0
- x1 - 3*x2 - x3 - 3*x4 - 4*x5 - 2*x7 - x8 = 0
  4*x1 + 3*x2 - x3 + 2*x4 + 4*x5 = 0
- 3*x2 + x3 + 2*x6 - x7 + 4*x8 = 0
  2*x1 - 3*x2 - 2*x3 + 4*x4 + 2*x5 - x6 + 2*x7 - 4*x8 = 0
- 3*x1 - 2*x2 + x3 + 2*x4 + 3*x5 + x6 + 4*x7 - 2*x8 = 0
- 4*x3 - 4*x4 + 2*x5 - 3*x6 - 2*x7 + 3*x8 = 0
- 3*x2 - x3 + 3*x4 - 3*x6 + x7 - 3*x8 = 0

2 ,0 ,2 ,0 ,-1 ,1 ,-3 ,2 | 0 
-1 ,-3 ,-1 ,-3 ,-4 ,0 ,-2 ,-1 | 0 
4 ,3 ,-1 ,2 ,4 ,0 ,0 ,0 | 0 
0 ,-3 ,1 ,0 ,0 ,2 ,-1 ,4 | 0 
2 ,-3 ,-2 ,4 ,2 ,-1 ,2 ,-4 | 0 
-3 ,-2 ,1 ,2 ,3 ,1 ,4 ,-2 | 0 
0 ,0 ,-4 ,-4 ,2 ,-3 ,-2 ,3 | 0 
0 ,-3 ,-1 ,3 ,0 ,-3 ,1 ,-3 | 0 

R2 --> R2 + 1/2*R1

2 ,0 ,2 ,0 ,-1 ,1 ,-3 ,2 | 0 
0 ,-3 ,0 ,-3 ,-9/2 ,1/2 ,-7/2 ,0 | 0 
4 ,3 ,-1 ,2 ,4 ,0 ,0 ,0 | 0 
0 ,-3 ,1 ,0 ,0 ,2 ,-1 ,4 | 0 
2 ,-3 ,-2 ,4 ,2 ,-1 ,2 ,-4 | 0 
-3 ,-2 ,1 ,2 ,3 ,1 ,4 ,-2 | 0 
0 ,0 ,-4 ,-4 ,2 ,-3 ,-2 ,3 | 0 
0 ,-3 ,-1 ,3 ,0 ,-3 ,1 ,-3 | 0 

R3 --> R3 - 2*R1

2 ,0 ,2 ,0 ,-1 ,1 ,-3 ,2 | 0 
0 ,-3 ,0 ,-3 ,-9/2 ,1/2 ,-7/2 ,0 | 0 
0 ,3 ,-5 ,2 ,6 ,-2 ,6 ,-4 | 0 
0 ,-3 ,1 ,0 ,0 ,2 ,-1 ,4 | 0 
2 ,-3 ,-2 ,4 ,2 ,-1 ,2 ,-4 | 0 
-3 ,-2 ,1 ,2 ,3 ,1 ,4 ,-2 | 0 
0 ,0 ,-4 ,-4 ,2 ,-3 ,-2 ,3 | 0 
0 ,-3 ,-1 ,3 ,0 ,-3 ,1 ,-3 | 0 

R5 --> R5 - R1

2 ,0 ,2 ,0 ,-1 ,1 ,-3 ,2 | 0 
0 ,-3 ,0 ,-3 ,-9/2 ,1/2 ,-7/2 ,0 | 0 
0 ,3 ,-5 ,2 ,6 ,-2 ,6 ,-4 | 0 
0 ,-3 ,1 ,0 ,0 ,2 ,-1 ,4 | 0 
0 ,-3 ,-4 ,4 ,3 ,-2 ,5 ,-6 | 0 
-3 ,-2 ,1 ,2 ,3 ,1 ,4 ,-2 | 0 
0 ,0 ,-4 ,-4 ,2 ,-3 ,-2 ,3 | 0 
0 ,-3 ,-1 ,3 ,0 ,-3 ,1 ,-3 | 0 

R6 --> R6 + 3/2*R1

2 ,0 ,2 ,0 ,-1 ,1 ,-3 ,2 | 0 
0 ,-3 ,0 ,-3 ,-9/2 ,1/2 ,-7/2 ,0 | 0 
0 ,3 ,-5 ,2 ,6 ,-2 ,6 ,-4 | 0 
0 ,-3 ,1 ,0 ,0 ,2 ,-1 ,4 | 0 
0 ,-3 ,-4 ,4 ,3 ,-2 ,5 ,-6 | 0 
0 ,-2 ,4 ,2 ,3/2 ,5/2 ,-1/2 ,1 | 0 
0 ,0 ,-4 ,-4 ,2 ,-3 ,-2 ,3 | 0 
0 ,-3 ,-1 ,3 ,0 ,-3 ,1 ,-3 | 0 

R3 --> R3 + R2

2 ,0 ,2 ,0 ,-1 ,1 ,-3 ,2 | 0 
0 ,-3 ,0 ,-3 ,-9/2 ,1/2 ,-7/2 ,0 | 0 
0 ,0 ,-5 ,-1 ,3/2 ,-3/2 ,5/2 ,-4 | 0 
0 ,-3 ,1 ,0 ,0 ,2 ,-1 ,4 | 0 
0 ,-3 ,-4 ,4 ,3 ,-2 ,5 ,-6 | 0 
0 ,-2 ,4 ,2 ,3/2 ,5/2 ,-1/2 ,1 | 0 
0 ,0 ,-4 ,-4 ,2 ,-3 ,-2 ,3 | 0 
0 ,-3 ,-1 ,3 ,0 ,-3 ,1 ,-3 | 0 

R4 --> R4 - R2

2 ,0 ,2 ,0 ,-1 ,1 ,-3 ,2 | 0 
0 ,-3 ,0 ,-3 ,-9/2 ,1/2 ,-7/2 ,0 | 0 
0 ,0 ,-5 ,-1 ,3/2 ,-3/2 ,5/2 ,-4 | 0 
0 ,0 ,1 ,3 ,9/2 ,3/2 ,5/2 ,4 | 0 
0 ,-3 ,-4 ,4 ,3 ,-2 ,5 ,-6 | 0 
0 ,-2 ,4 ,2 ,3/2 ,5/2 ,-1/2 ,1 | 0 
0 ,0 ,-4 ,-4 ,2 ,-3 ,-2 ,3 | 0 
0 ,-3 ,-1 ,3 ,0 ,-3 ,1 ,-3 | 0 

R5 --> R5 - R2

2 ,0 ,2 ,0 ,-1 ,1 ,-3 ,2 | 0 
0 ,-3 ,0 ,-3 ,-9/2 ,1/2 ,-7/2 ,0 | 0 
0 ,0 ,-5 ,-1 ,3/2 ,-3/2 ,5/2 ,-4 | 0 
0 ,0 ,1 ,3 ,9/2 ,3/2 ,5/2 ,4 | 0 
0 ,0 ,-4 ,7 ,15/2 ,-5/2 ,17/2 ,-6 | 0 
0 ,-2 ,4 ,2 ,3/2 ,5/2 ,-1/2 ,1 | 0 
0 ,0 ,-4 ,-4 ,2 ,-3 ,-2 ,3 | 0 
0 ,-3 ,-1 ,3 ,0 ,-3 ,1 ,-3 | 0 

R6 --> R6 - 2/3*R2

2 ,0 ,2 ,0 ,-1 ,1 ,-3 ,2 | 0 
0 ,-3 ,0 ,-3 ,-9/2 ,1/2 ,-7/2 ,0 | 0 
0 ,0 ,-5 ,-1 ,3/2 ,-3/2 ,5/2 ,-4 | 0 
0 ,0 ,1 ,3 ,9/2 ,3/2 ,5/2 ,4 | 0 
0 ,0 ,-4 ,7 ,15/2 ,-5/2 ,17/2 ,-6 | 0 
0 ,0 ,4 ,4 ,9/2 ,13/6 ,11/6 ,1 | 0 
0 ,0 ,-4 ,-4 ,2 ,-3 ,-2 ,3 | 0 
0 ,-3 ,-1 ,3 ,0 ,-3 ,1 ,-3 | 0 

R8 --> R8 - R2

2 ,0 ,2 ,0 ,-1 ,1 ,-3 ,2 | 0 
0 ,-3 ,0 ,-3 ,-9/2 ,1/2 ,-7/2 ,0 | 0 
0 ,0 ,-5 ,-1 ,3/2 ,-3/2 ,5/2 ,-4 | 0 
0 ,0 ,1 ,3 ,9/2 ,3/2 ,5/2 ,4 | 0 
0 ,0 ,-4 ,7 ,15/2 ,-5/2 ,17/2 ,-6 | 0 
0 ,0 ,4 ,4 ,9/2 ,13/6 ,11/6 ,1 | 0 
0 ,0 ,-4 ,-4 ,2 ,-3 ,-2 ,3 | 0 
0 ,0 ,-1 ,6 ,9/2 ,-7/2 ,9/2 ,-3 | 0 

R1 --> R1 + 2/5*R3

2 ,0 ,0 ,-2/5 ,-2/5 ,2/5 ,-2 ,2/5 | 0 
0 ,-3 ,0 ,-3 ,-9/2 ,1/2 ,-7/2 ,0 | 0 
0 ,0 ,-5 ,-1 ,3/2 ,-3/2 ,5/2 ,-4 | 0 
0 ,0 ,1 ,3 ,9/2 ,3/2 ,5/2 ,4 | 0 
0 ,0 ,-4 ,7 ,15/2 ,-5/2 ,17/2 ,-6 | 0 
0 ,0 ,4 ,4 ,9/2 ,13/6 ,11/6 ,1 | 0 
0 ,0 ,-4 ,-4 ,2 ,-3 ,-2 ,3 | 0 
0 ,0 ,-1 ,6 ,9/2 ,-7/2 ,9/2 ,-3 | 0 

R4 --> R4 + 1/5*R3

2 ,0 ,0 ,-2/5 ,-2/5 ,2/5 ,-2 ,2/5 | 0 
0 ,-3 ,0 ,-3 ,-9/2 ,1/2 ,-7/2 ,0 | 0 
0 ,0 ,-5 ,-1 ,3/2 ,-3/2 ,5/2 ,-4 | 0 
0 ,0 ,0 ,14/5 ,24/5 ,6/5 ,3 ,16/5 | 0 
0 ,0 ,-4 ,7 ,15/2 ,-5/2 ,17/2 ,-6 | 0 
0 ,0 ,4 ,4 ,9/2 ,13/6 ,11/6 ,1 | 0 
0 ,0 ,-4 ,-4 ,2 ,-3 ,-2 ,3 | 0 
0 ,0 ,-1 ,6 ,9/2 ,-7/2 ,9/2 ,-3 | 0 

R5 --> R5 - 4/5*R3

2 ,0 ,0 ,-2/5 ,-2/5 ,2/5 ,-2 ,2/5 | 0 
0 ,-3 ,0 ,-3 ,-9/2 ,1/2 ,-7/2 ,0 | 0 
0 ,0 ,-5 ,-1 ,3/2 ,-3/2 ,5/2 ,-4 | 0 
0 ,0 ,0 ,14/5 ,24/5 ,6/5 ,3 ,16/5 | 0 
0 ,0 ,0 ,39/5 ,63/10 ,-13/10 ,13/2 ,-14/5 | 0 
0 ,0 ,4 ,4 ,9/2 ,13/6 ,11/6 ,1 | 0 
0 ,0 ,-4 ,-4 ,2 ,-3 ,-2 ,3 | 0 
0 ,0 ,-1 ,6 ,9/2 ,-7/2 ,9/2 ,-3 | 0 

R6 --> R6 + 4/5*R3

2 ,0 ,0 ,-2/5 ,-2/5 ,2/5 ,-2 ,2/5 | 0 
0 ,-3 ,0 ,-3 ,-9/2 ,1/2 ,-7/2 ,0 | 0 
0 ,0 ,-5 ,-1 ,3/2 ,-3/2 ,5/2 ,-4 | 0 
0 ,0 ,0 ,14/5 ,24/5 ,6/5 ,3 ,16/5 | 0 
0 ,0 ,0 ,39/5 ,63/10 ,-13/10 ,13/2 ,-14/5 | 0 
0 ,0 ,0 ,16/5 ,57/10 ,29/30 ,23/6 ,-11/5 | 0 
0 ,0 ,-4 ,-4 ,2 ,-3 ,-2 ,3 | 0 
0 ,0 ,-1 ,6 ,9/2 ,-7/2 ,9/2 ,-3 | 0 

R7 --> R7 - 4/5*R3

2 ,0 ,0 ,-2/5 ,-2/5 ,2/5 ,-2 ,2/5 | 0 
0 ,-3 ,0 ,-3 ,-9/2 ,1/2 ,-7/2 ,0 | 0 
0 ,0 ,-5 ,-1 ,3/2 ,-3/2 ,5/2 ,-4 | 0 
0 ,0 ,0 ,14/5 ,24/5 ,6/5 ,3 ,16/5 | 0 
0 ,0 ,0 ,39/5 ,63/10 ,-13/10 ,13/2 ,-14/5 | 0 
0 ,0 ,0 ,16/5 ,57/10 ,29/30 ,23/6 ,-11/5 | 0 
0 ,0 ,0 ,-16/5 ,4/5 ,-9/5 ,-4 ,31/5 | 0 
0 ,0 ,-1 ,6 ,9/2 ,-7/2 ,9/2 ,-3 | 0 

R8 --> R8 - 1/5*R3

2 ,0 ,0 ,-2/5 ,-2/5 ,2/5 ,-2 ,2/5 | 0 
0 ,-3 ,0 ,-3 ,-9/2 ,1/2 ,-7/2 ,0 | 0 
0 ,0 ,-5 ,-1 ,3/2 ,-3/2 ,5/2 ,-4 | 0 
0 ,0 ,0 ,14/5 ,24/5 ,6/5 ,3 ,16/5 | 0 
0 ,0 ,0 ,39/5 ,63/10 ,-13/10 ,13/2 ,-14/5 | 0 
0 ,0 ,0 ,16/5 ,57/10 ,29/30 ,23/6 ,-11/5 | 0 
0 ,0 ,0 ,-16/5 ,4/5 ,-9/5 ,-4 ,31/5 | 0 
0 ,0 ,0 ,31/5 ,21/5 ,-16/5 ,4 ,-11/5 | 0 

R1 --> R1 + 1/7*R4

2 ,0 ,0 ,0 ,2/7 ,4/7 ,-11/7 ,6/7 | 0 
0 ,-3 ,0 ,-3 ,-9/2 ,1/2 ,-7/2 ,0 | 0 
0 ,0 ,-5 ,-1 ,3/2 ,-3/2 ,5/2 ,-4 | 0 
0 ,0 ,0 ,14/5 ,24/5 ,6/5 ,3 ,16/5 | 0 
0 ,0 ,0 ,39/5 ,63/10 ,-13/10 ,13/2 ,-14/5 | 0 
0 ,0 ,0 ,16/5 ,57/10 ,29/30 ,23/6 ,-11/5 | 0 
0 ,0 ,0 ,-16/5 ,4/5 ,-9/5 ,-4 ,31/5 | 0 
0 ,0 ,0 ,31/5 ,21/5 ,-16/5 ,4 ,-11/5 | 0 

R2 --> R2 + 15/14*R4

2 ,0 ,0 ,0 ,2/7 ,4/7 ,-11/7 ,6/7 | 0 
0 ,-3 ,0 ,0 ,9/14 ,25/14 ,-2/7 ,24/7 | 0 
0 ,0 ,-5 ,-1 ,3/2 ,-3/2 ,5/2 ,-4 | 0 
0 ,0 ,0 ,14/5 ,24/5 ,6/5 ,3 ,16/5 | 0 
0 ,0 ,0 ,39/5 ,63/10 ,-13/10 ,13/2 ,-14/5 | 0 
0 ,0 ,0 ,16/5 ,57/10 ,29/30 ,23/6 ,-11/5 | 0 
0 ,0 ,0 ,-16/5 ,4/5 ,-9/5 ,-4 ,31/5 | 0 
0 ,0 ,0 ,31/5 ,21/5 ,-16/5 ,4 ,-11/5 | 0 

R3 --> R3 + 5/14*R4

2 ,0 ,0 ,0 ,2/7 ,4/7 ,-11/7 ,6/7 | 0 
0 ,-3 ,0 ,0 ,9/14 ,25/14 ,-2/7 ,24/7 | 0 
0 ,0 ,-5 ,0 ,45/14 ,-15/14 ,25/7 ,-20/7 | 0 
0 ,0 ,0 ,14/5 ,24/5 ,6/5 ,3 ,16/5 | 0 
0 ,0 ,0 ,39/5 ,63/10 ,-13/10 ,13/2 ,-14/5 | 0 
0 ,0 ,0 ,16/5 ,57/10 ,29/30 ,23/6 ,-11/5 | 0 
0 ,0 ,0 ,-16/5 ,4/5 ,-9/5 ,-4 ,31/5 | 0 
0 ,0 ,0 ,31/5 ,21/5 ,-16/5 ,4 ,-11/5 | 0 

R5 --> R5 - 39/14*R4

2 ,0 ,0 ,0 ,2/7 ,4/7 ,-11/7 ,6/7 | 0 
0 ,-3 ,0 ,0 ,9/14 ,25/14 ,-2/7 ,24/7 | 0 
0 ,0 ,-5 ,0 ,45/14 ,-15/14 ,25/7 ,-20/7 | 0 
0 ,0 ,0 ,14/5 ,24/5 ,6/5 ,3 ,16/5 | 0 
0 ,0 ,0 ,0 ,-99/14 ,-65/14 ,-13/7 ,-82/7 | 0 
0 ,0 ,0 ,16/5 ,57/10 ,29/30 ,23/6 ,-11/5 | 0 
0 ,0 ,0 ,-16/5 ,4/5 ,-9/5 ,-4 ,31/5 | 0 
0 ,0 ,0 ,31/5 ,21/5 ,-16/5 ,4 ,-11/5 | 0 

R6 --> R6 - 8/7*R4

2 ,0 ,0 ,0 ,2/7 ,4/7 ,-11/7 ,6/7 | 0 
0 ,-3 ,0 ,0 ,9/14 ,25/14 ,-2/7 ,24/7 | 0 
0 ,0 ,-5 ,0 ,45/14 ,-15/14 ,25/7 ,-20/7 | 0 
0 ,0 ,0 ,14/5 ,24/5 ,6/5 ,3 ,16/5 | 0 
0 ,0 ,0 ,0 ,-99/14 ,-65/14 ,-13/7 ,-82/7 | 0 
0 ,0 ,0 ,0 ,3/14 ,-17/42 ,17/42 ,-41/7 | 0 
0 ,0 ,0 ,-16/5 ,4/5 ,-9/5 ,-4 ,31/5 | 0 
0 ,0 ,0 ,31/5 ,21/5 ,-16/5 ,4 ,-11/5 | 0 

R7 --> R7 + 8/7*R4

2 ,0 ,0 ,0 ,2/7 ,4/7 ,-11/7 ,6/7 | 0 
0 ,-3 ,0 ,0 ,9/14 ,25/14 ,-2/7 ,24/7 | 0 
0 ,0 ,-5 ,0 ,45/14 ,-15/14 ,25/7 ,-20/7 | 0 
0 ,0 ,0 ,14/5 ,24/5 ,6/5 ,3 ,16/5 | 0 
0 ,0 ,0 ,0 ,-99/14 ,-65/14 ,-13/7 ,-82/7 | 0 
0 ,0 ,0 ,0 ,3/14 ,-17/42 ,17/42 ,-41/7 | 0 
0 ,0 ,0 ,0 ,44/7 ,-3/7 ,-4/7 ,69/7 | 0 
0 ,0 ,0 ,31/5 ,21/5 ,-16/5 ,4 ,-11/5 | 0 

R8 --> R8 - 31/14*R4

2 ,0 ,0 ,0 ,2/7 ,4/7 ,-11/7 ,6/7 | 0 
0 ,-3 ,0 ,0 ,9/14 ,25/14 ,-2/7 ,24/7 | 0 
0 ,0 ,-5 ,0 ,45/14 ,-15/14 ,25/7 ,-20/7 | 0 
0 ,0 ,0 ,14/5 ,24/5 ,6/5 ,3 ,16/5 | 0 
0 ,0 ,0 ,0 ,-99/14 ,-65/14 ,-13/7 ,-82/7 | 0 
0 ,0 ,0 ,0 ,3/14 ,-17/42 ,17/42 ,-41/7 | 0 
0 ,0 ,0 ,0 ,44/7 ,-3/7 ,-4/7 ,69/7 | 0 
0 ,0 ,0 ,0 ,-45/7 ,-41/7 ,-37/14 ,-65/7 | 0 

R1 --> R1 + 4/99*R5

2 ,0 ,0 ,0 ,0 ,38/99 ,-163/99 ,38/99 | 0 
0 ,-3 ,0 ,0 ,9/14 ,25/14 ,-2/7 ,24/7 | 0 
0 ,0 ,-5 ,0 ,45/14 ,-15/14 ,25/7 ,-20/7 | 0 
0 ,0 ,0 ,14/5 ,24/5 ,6/5 ,3 ,16/5 | 0 
0 ,0 ,0 ,0 ,-99/14 ,-65/14 ,-13/7 ,-82/7 | 0 
0 ,0 ,0 ,0 ,3/14 ,-17/42 ,17/42 ,-41/7 | 0 
0 ,0 ,0 ,0 ,44/7 ,-3/7 ,-4/7 ,69/7 | 0 
0 ,0 ,0 ,0 ,-45/7 ,-41/7 ,-37/14 ,-65/7 | 0 

R2 --> R2 + 1/11*R5

2 ,0 ,0 ,0 ,0 ,38/99 ,-163/99 ,38/99 | 0 
0 ,-3 ,0 ,0 ,0 ,15/11 ,-5/11 ,26/11 | 0 
0 ,0 ,-5 ,0 ,45/14 ,-15/14 ,25/7 ,-20/7 | 0 
0 ,0 ,0 ,14/5 ,24/5 ,6/5 ,3 ,16/5 | 0 
0 ,0 ,0 ,0 ,-99/14 ,-65/14 ,-13/7 ,-82/7 | 0 
0 ,0 ,0 ,0 ,3/14 ,-17/42 ,17/42 ,-41/7 | 0 
0 ,0 ,0 ,0 ,44/7 ,-3/7 ,-4/7 ,69/7 | 0 
0 ,0 ,0 ,0 ,-45/7 ,-41/7 ,-37/14 ,-65/7 | 0 

R3 --> R3 + 5/11*R5

2 ,0 ,0 ,0 ,0 ,38/99 ,-163/99 ,38/99 | 0 
0 ,-3 ,0 ,0 ,0 ,15/11 ,-5/11 ,26/11 | 0 
0 ,0 ,-5 ,0 ,0 ,-35/11 ,30/11 ,-90/11 | 0 
0 ,0 ,0 ,14/5 ,24/5 ,6/5 ,3 ,16/5 | 0 
0 ,0 ,0 ,0 ,-99/14 ,-65/14 ,-13/7 ,-82/7 | 0 
0 ,0 ,0 ,0 ,3/14 ,-17/42 ,17/42 ,-41/7 | 0 
0 ,0 ,0 ,0 ,44/7 ,-3/7 ,-4/7 ,69/7 | 0 
0 ,0 ,0 ,0 ,-45/7 ,-41/7 ,-37/14 ,-65/7 | 0 

R4 --> R4 + 112/165*R5

2 ,0 ,0 ,0 ,0 ,38/99 ,-163/99 ,38/99 | 0 
0 ,-3 ,0 ,0 ,0 ,15/11 ,-5/11 ,26/11 | 0 
0 ,0 ,-5 ,0 ,0 ,-35/11 ,30/11 ,-90/11 | 0 
0 ,0 ,0 ,14/5 ,0 ,-322/165 ,287/165 ,-765/161 | 0 
0 ,0 ,0 ,0 ,-99/14 ,-65/14 ,-13/7 ,-82/7 | 0 
0 ,0 ,0 ,0 ,3/14 ,-17/42 ,17/42 ,-41/7 | 0 
0 ,0 ,0 ,0 ,44/7 ,-3/7 ,-4/7 ,69/7 | 0 
0 ,0 ,0 ,0 ,-45/7 ,-41/7 ,-37/14 ,-65/7 | 0 

R6 --> R6 + 1/33*R5

2 ,0 ,0 ,0 ,0 ,38/99 ,-163/99 ,38/99 | 0 
0 ,-3 ,0 ,0 ,0 ,15/11 ,-5/11 ,26/11 | 0 
0 ,0 ,-5 ,0 ,0 ,-35/11 ,30/11 ,-90/11 | 0 
0 ,0 ,0 ,14/5 ,0 ,-322/165 ,287/165 ,-765/161 | 0 
0 ,0 ,0 ,0 ,-99/14 ,-65/14 ,-13/7 ,-82/7 | 0 
0 ,0 ,0 ,0 ,0 ,-6/11 ,23/66 ,-205/33 | 0 
0 ,0 ,0 ,0 ,44/7 ,-3/7 ,-4/7 ,69/7 | 0 
0 ,0 ,0 ,0 ,-45/7 ,-41/7 ,-37/14 ,-65/7 | 0 

R7 --> R7 + 8/9*R5

2 ,0 ,0 ,0 ,0 ,38/99 ,-163/99 ,38/99 | 0 
0 ,-3 ,0 ,0 ,0 ,15/11 ,-5/11 ,26/11 | 0 
0 ,0 ,-5 ,0 ,0 ,-35/11 ,30/11 ,-90/11 | 0 
0 ,0 ,0 ,14/5 ,0 ,-322/165 ,287/165 ,-765/161 | 0 
0 ,0 ,0 ,0 ,-99/14 ,-65/14 ,-13/7 ,-82/7 | 0 
0 ,0 ,0 ,0 ,0 ,-6/11 ,23/66 ,-205/33 | 0 
0 ,0 ,0 ,0 ,0 ,-41/9 ,-20/9 ,-5/9 | 0 
0 ,0 ,0 ,0 ,-45/7 ,-41/7 ,-37/14 ,-65/7 | 0 

R8 --> R8 - 10/11*R5

2 ,0 ,0 ,0 ,0 ,38/99 ,-163/99 ,38/99 | 0 
0 ,-3 ,0 ,0 ,0 ,15/11 ,-5/11 ,26/11 | 0 
0 ,0 ,-5 ,0 ,0 ,-35/11 ,30/11 ,-90/11 | 0 
0 ,0 ,0 ,14/5 ,0 ,-322/165 ,287/165 ,-765/161 | 0 
0 ,0 ,0 ,0 ,-99/14 ,-65/14 ,-13/7 ,-82/7 | 0 
0 ,0 ,0 ,0 ,0 ,-6/11 ,23/66 ,-205/33 | 0 
0 ,0 ,0 ,0 ,0 ,-41/9 ,-20/9 ,-5/9 | 0 
0 ,0 ,0 ,0 ,0 ,-18/11 ,-21/22 ,15/11 | 0 

R1 --> R1 + 19/27*R6

2 ,0 ,0 ,0 ,0 ,0 ,-227/162 ,-323/81 | 0 
0 ,-3 ,0 ,0 ,0 ,15/11 ,-5/11 ,26/11 | 0 
0 ,0 ,-5 ,0 ,0 ,-35/11 ,30/11 ,-90/11 | 0 
0 ,0 ,0 ,14/5 ,0 ,-322/165 ,287/165 ,-765/161 | 0 
0 ,0 ,0 ,0 ,-99/14 ,-65/14 ,-13/7 ,-82/7 | 0 
0 ,0 ,0 ,0 ,0 ,-6/11 ,23/66 ,-205/33 | 0 
0 ,0 ,0 ,0 ,0 ,-41/9 ,-20/9 ,-5/9 | 0 
0 ,0 ,0 ,0 ,0 ,-18/11 ,-21/22 ,15/11 | 0 

R2 --> R2 + 5/2*R6

2 ,0 ,0 ,0 ,0 ,0 ,-227/162 ,-323/81 | 0 
0 ,-3 ,0 ,0 ,0 ,0 ,5/12 ,-79/6 | 0 
0 ,0 ,-5 ,0 ,0 ,-35/11 ,30/11 ,-90/11 | 0 
0 ,0 ,0 ,14/5 ,0 ,-322/165 ,287/165 ,-765/161 | 0 
0 ,0 ,0 ,0 ,-99/14 ,-65/14 ,-13/7 ,-82/7 | 0 
0 ,0 ,0 ,0 ,0 ,-6/11 ,23/66 ,-205/33 | 0 
0 ,0 ,0 ,0 ,0 ,-41/9 ,-20/9 ,-5/9 | 0 
0 ,0 ,0 ,0 ,0 ,-18/11 ,-21/22 ,15/11 | 0 

R3 --> R3 - 35/6*R6

2 ,0 ,0 ,0 ,0 ,0 ,-227/162 ,-323/81 | 0 
0 ,-3 ,0 ,0 ,0 ,0 ,5/12 ,-79/6 | 0 
0 ,0 ,-5 ,0 ,0 ,0 ,25/36 ,505/18 | 0 
0 ,0 ,0 ,14/5 ,0 ,-322/165 ,287/165 ,-765/161 | 0 
0 ,0 ,0 ,0 ,-99/14 ,-65/14 ,-13/7 ,-82/7 | 0 
0 ,0 ,0 ,0 ,0 ,-6/11 ,23/66 ,-205/33 | 0 
0 ,0 ,0 ,0 ,0 ,-41/9 ,-20/9 ,-5/9 | 0 
0 ,0 ,0 ,0 ,0 ,-18/11 ,-21/22 ,15/11 | 0 

R4 --> R4 - 161/45*R6

2 ,0 ,0 ,0 ,0 ,0 ,-227/162 ,-323/81 | 0 
0 ,-3 ,0 ,0 ,0 ,0 ,5/12 ,-79/6 | 0 
0 ,0 ,-5 ,0 ,0 ,0 ,25/36 ,505/18 | 0 
0 ,0 ,0 ,14/5 ,0 ,0 ,133/270 ,2027/116 | 0 
0 ,0 ,0 ,0 ,-99/14 ,-65/14 ,-13/7 ,-82/7 | 0 
0 ,0 ,0 ,0 ,0 ,-6/11 ,23/66 ,-205/33 | 0 
0 ,0 ,0 ,0 ,0 ,-41/9 ,-20/9 ,-5/9 | 0 
0 ,0 ,0 ,0 ,0 ,-18/11 ,-21/22 ,15/11 | 0 

R5 --> R5 - 715/84*R6

2 ,0 ,0 ,0 ,0 ,0 ,-227/162 ,-323/81 | 0 
0 ,-3 ,0 ,0 ,0 ,0 ,5/12 ,-79/6 | 0 
0 ,0 ,-5 ,0 ,0 ,0 ,25/36 ,505/18 | 0 
0 ,0 ,0 ,14/5 ,0 ,0 ,133/270 ,2027/116 | 0 
0 ,0 ,0 ,0 ,-99/14 ,0 ,-2431/504 ,1770/43 | 0 
0 ,0 ,0 ,0 ,0 ,-6/11 ,23/66 ,-205/33 | 0 
0 ,0 ,0 ,0 ,0 ,-41/9 ,-20/9 ,-5/9 | 0 
0 ,0 ,0 ,0 ,0 ,-18/11 ,-21/22 ,15/11 | 0 

R7 --> R7 - 451/54*R6

2 ,0 ,0 ,0 ,0 ,0 ,-227/162 ,-323/81 | 0 
0 ,-3 ,0 ,0 ,0 ,0 ,5/12 ,-79/6 | 0 
0 ,0 ,-5 ,0 ,0 ,0 ,25/36 ,505/18 | 0 
0 ,0 ,0 ,14/5 ,0 ,0 ,133/270 ,2027/116 | 0 
0 ,0 ,0 ,0 ,-99/14 ,0 ,-2431/504 ,1770/43 | 0 
0 ,0 ,0 ,0 ,0 ,-6/11 ,23/66 ,-205/33 | 0 
0 ,0 ,0 ,0 ,0 ,0 ,-580/113 ,2669/52 | 0 
0 ,0 ,0 ,0 ,0 ,-18/11 ,-21/22 ,15/11 | 0 

R8 --> R8 - 3*R6

2 ,0 ,0 ,0 ,0 ,0 ,-227/162 ,-323/81 | 0 
0 ,-3 ,0 ,0 ,0 ,0 ,5/12 ,-79/6 | 0 
0 ,0 ,-5 ,0 ,0 ,0 ,25/36 ,505/18 | 0 
0 ,0 ,0 ,14/5 ,0 ,0 ,133/270 ,2027/116 | 0 
0 ,0 ,0 ,0 ,-99/14 ,0 ,-2431/504 ,1770/43 | 0 
0 ,0 ,0 ,0 ,0 ,-6/11 ,23/66 ,-205/33 | 0 
0 ,0 ,0 ,0 ,0 ,0 ,-580/113 ,2669/52 | 0 
0 ,0 ,0 ,0 ,0 ,0 ,-2 ,20 | 0 

R1 --> R1 - 181/663*R7

2 ,0 ,0 ,0 ,0 ,0 ,0 ,-18 | 0 
0 ,-3 ,0 ,0 ,0 ,0 ,5/12 ,-79/6 | 0 
0 ,0 ,-5 ,0 ,0 ,0 ,25/36 ,505/18 | 0 
0 ,0 ,0 ,14/5 ,0 ,0 ,133/270 ,2027/116 | 0 
0 ,0 ,0 ,0 ,-99/14 ,0 ,-2431/504 ,1770/43 | 0 
0 ,0 ,0 ,0 ,0 ,-6/11 ,23/66 ,-205/33 | 0 
0 ,0 ,0 ,0 ,0 ,0 ,-580/113 ,2669/52 | 0 
0 ,0 ,0 ,0 ,0 ,0 ,-2 ,20 | 0 

R2 --> R2 + 135/1663*R7

2 ,0 ,0 ,0 ,0 ,0 ,0 ,-18 | 0 
0 ,-3 ,0 ,0 ,0 ,0 ,0 ,-9 | 0 
0 ,0 ,-5 ,0 ,0 ,0 ,25/36 ,505/18 | 0 
0 ,0 ,0 ,14/5 ,0 ,0 ,133/270 ,2027/116 | 0 
0 ,0 ,0 ,0 ,-99/14 ,0 ,-2431/504 ,1770/43 | 0 
0 ,0 ,0 ,0 ,0 ,-6/11 ,23/66 ,-205/33 | 0 
0 ,0 ,0 ,0 ,0 ,0 ,-580/113 ,2669/52 | 0 
0 ,0 ,0 ,0 ,0 ,0 ,-2 ,20 | 0 

R3 --> R3 + 248/1833*R7

2 ,0 ,0 ,0 ,0 ,0 ,0 ,-18 | 0 
0 ,-3 ,0 ,0 ,0 ,0 ,0 ,-9 | 0 
0 ,0 ,-5 ,0 ,0 ,0 ,0 ,35 | 0 
0 ,0 ,0 ,14/5 ,0 ,0 ,133/270 ,2027/116 | 0 
0 ,0 ,0 ,0 ,-99/14 ,0 ,-2431/504 ,1770/43 | 0 
0 ,0 ,0 ,0 ,0 ,-6/11 ,23/66 ,-205/33 | 0 
0 ,0 ,0 ,0 ,0 ,0 ,-580/113 ,2669/52 | 0 
0 ,0 ,0 ,0 ,0 ,0 ,-2 ,20 | 0 

R4 --> R4 + 81/844*R7

2 ,0 ,0 ,0 ,0 ,0 ,0 ,-18 | 0 
0 ,-3 ,0 ,0 ,0 ,0 ,0 ,-9 | 0 
0 ,0 ,-5 ,0 ,0 ,0 ,0 ,35 | 0 
0 ,0 ,0 ,14/5 ,0 ,0 ,0 ,112/5 | 0 
0 ,0 ,0 ,0 ,-99/14 ,0 ,-2431/504 ,1770/43 | 0 
0 ,0 ,0 ,0 ,0 ,-6/11 ,23/66 ,-205/33 | 0 
0 ,0 ,0 ,0 ,0 ,0 ,-580/113 ,2669/52 | 0 
0 ,0 ,0 ,0 ,0 ,0 ,-2 ,20 | 0 

R5 --> R5 - 499/531*R7

2 ,0 ,0 ,0 ,0 ,0 ,0 ,-18 | 0 
0 ,-3 ,0 ,0 ,0 ,0 ,0 ,-9 | 0 
0 ,0 ,-5 ,0 ,0 ,0 ,0 ,35 | 0 
0 ,0 ,0 ,14/5 ,0 ,0 ,0 ,112/5 | 0 
0 ,0 ,0 ,0 ,-99/14 ,0 ,0 ,-99/14 | 0 
0 ,0 ,0 ,0 ,0 ,-6/11 ,23/66 ,-205/33 | 0 
0 ,0 ,0 ,0 ,0 ,0 ,-580/113 ,2669/52 | 0 
0 ,0 ,0 ,0 ,0 ,0 ,-2 ,20 | 0 

R6 --> R6 + 59/869*R7

2 ,0 ,0 ,0 ,0 ,0 ,0 ,-18 | 0 
0 ,-3 ,0 ,0 ,0 ,0 ,0 ,-9 | 0 
0 ,0 ,-5 ,0 ,0 ,0 ,0 ,35 | 0 
0 ,0 ,0 ,14/5 ,0 ,0 ,0 ,112/5 | 0 
0 ,0 ,0 ,0 ,-99/14 ,0 ,0 ,-99/14 | 0 
0 ,0 ,0 ,0 ,0 ,-6/11 ,0 ,-30/11 | 0 
0 ,0 ,0 ,0 ,0 ,0 ,-580/113 ,2669/52 | 0 
0 ,0 ,0 ,0 ,0 ,0 ,-2 ,20 | 0 

R8 --> R8 - 113/290*R7

2 ,0 ,0 ,0 ,0 ,0 ,0 ,-18 | 0 
0 ,-3 ,0 ,0 ,0 ,0 ,0 ,-9 | 0 
0 ,0 ,-5 ,0 ,0 ,0 ,0 ,35 | 0 
0 ,0 ,0 ,14/5 ,0 ,0 ,0 ,112/5 | 0 
0 ,0 ,0 ,0 ,-99/14 ,0 ,0 ,-99/14 | 0 
0 ,0 ,0 ,0 ,0 ,-6/11 ,0 ,-30/11 | 0 
0 ,0 ,0 ,0 ,0 ,0 ,-580/113 ,2669/52 | 0 
0 ,0 ,0 ,0 ,0 ,0 ,0 ,0 | 0 

define new column in b when x8 is free variable in R8:
2 ,0 ,0 ,0 ,0 ,0 ,0 ,-18 | 0 ,0 
0 ,-3 ,0 ,0 ,0 ,0 ,0 ,-9 | 0 ,0 
0 ,0 ,-5 ,0 ,0 ,0 ,0 ,35 | 0 ,0 
0 ,0 ,0 ,14/5 ,0 ,0 ,0 ,112/5 | 0 ,0 
0 ,0 ,0 ,0 ,-99/14 ,0 ,0 ,-99/14 | 0 ,0 
0 ,0 ,0 ,0 ,0 ,-6/11 ,0 ,-30/11 | 0 ,0 
0 ,0 ,0 ,0 ,0 ,0 ,-580/113 ,2669/52 | 0 ,0 
0 ,0 ,0 ,0 ,0 ,0 ,0 ,1 | 0 ,1 

R1 --> R1 + 18*R8

2 ,0 ,0 ,0 ,0 ,0 ,0 ,0 | 0 ,18 
0 ,-3 ,0 ,0 ,0 ,0 ,0 ,-9 | 0 ,0 
0 ,0 ,-5 ,0 ,0 ,0 ,0 ,35 | 0 ,0 
0 ,0 ,0 ,14/5 ,0 ,0 ,0 ,112/5 | 0 ,0 
0 ,0 ,0 ,0 ,-99/14 ,0 ,0 ,-99/14 | 0 ,0 
0 ,0 ,0 ,0 ,0 ,-6/11 ,0 ,-30/11 | 0 ,0 
0 ,0 ,0 ,0 ,0 ,0 ,-580/113 ,2669/52 | 0 ,0 
0 ,0 ,0 ,0 ,0 ,0 ,0 ,1 | 0 ,1 

R1 --> 1/2*R1

1 ,0 ,0 ,0 ,0 ,0 ,0 ,0 | 0 ,9 
0 ,-3 ,0 ,0 ,0 ,0 ,0 ,-9 | 0 ,0 
0 ,0 ,-5 ,0 ,0 ,0 ,0 ,35 | 0 ,0 
0 ,0 ,0 ,14/5 ,0 ,0 ,0 ,112/5 | 0 ,0 
0 ,0 ,0 ,0 ,-99/14 ,0 ,0 ,-99/14 | 0 ,0 
0 ,0 ,0 ,0 ,0 ,-6/11 ,0 ,-30/11 | 0 ,0 
0 ,0 ,0 ,0 ,0 ,0 ,-580/113 ,2669/52 | 0 ,0 
0 ,0 ,0 ,0 ,0 ,0 ,0 ,1 | 0 ,1 

R2 --> R2 + 9*R8

1 ,0 ,0 ,0 ,0 ,0 ,0 ,0 | 0 ,9 
0 ,-3 ,0 ,0 ,0 ,0 ,0 ,0 | 0 ,9 
0 ,0 ,-5 ,0 ,0 ,0 ,0 ,35 | 0 ,0 
0 ,0 ,0 ,14/5 ,0 ,0 ,0 ,112/5 | 0 ,0 
0 ,0 ,0 ,0 ,-99/14 ,0 ,0 ,-99/14 | 0 ,0 
0 ,0 ,0 ,0 ,0 ,-6/11 ,0 ,-30/11 | 0 ,0 
0 ,0 ,0 ,0 ,0 ,0 ,-580/113 ,2669/52 | 0 ,0 
0 ,0 ,0 ,0 ,0 ,0 ,0 ,1 | 0 ,1 

R2 --> -1/3*R2

1 ,0 ,0 ,0 ,0 ,0 ,0 ,0 | 0 ,9 
0 ,1 ,0 ,0 ,0 ,0 ,0 ,0 | 0 ,-3 
0 ,0 ,-5 ,0 ,0 ,0 ,0 ,35 | 0 ,0 
0 ,0 ,0 ,14/5 ,0 ,0 ,0 ,112/5 | 0 ,0 
0 ,0 ,0 ,0 ,-99/14 ,0 ,0 ,-99/14 | 0 ,0 
0 ,0 ,0 ,0 ,0 ,-6/11 ,0 ,-30/11 | 0 ,0 
0 ,0 ,0 ,0 ,0 ,0 ,-580/113 ,2669/52 | 0 ,0 
0 ,0 ,0 ,0 ,0 ,0 ,0 ,1 | 0 ,1 

R3 --> R3 - 35*R8

1 ,0 ,0 ,0 ,0 ,0 ,0 ,0 | 0 ,9 
0 ,1 ,0 ,0 ,0 ,0 ,0 ,0 | 0 ,-3 
0 ,0 ,-5 ,0 ,0 ,0 ,0 ,0 | 0 ,-35 
0 ,0 ,0 ,14/5 ,0 ,0 ,0 ,112/5 | 0 ,0 
0 ,0 ,0 ,0 ,-99/14 ,0 ,0 ,-99/14 | 0 ,0 
0 ,0 ,0 ,0 ,0 ,-6/11 ,0 ,-30/11 | 0 ,0 
0 ,0 ,0 ,0 ,0 ,0 ,-580/113 ,2669/52 | 0 ,0 
0 ,0 ,0 ,0 ,0 ,0 ,0 ,1 | 0 ,1 

R3 --> -1/5*R3

1 ,0 ,0 ,0 ,0 ,0 ,0 ,0 | 0 ,9 
0 ,1 ,0 ,0 ,0 ,0 ,0 ,0 | 0 ,-3 
0 ,0 ,1 ,0 ,0 ,0 ,0 ,0 | 0 ,7 
0 ,0 ,0 ,14/5 ,0 ,0 ,0 ,112/5 | 0 ,0 
0 ,0 ,0 ,0 ,-99/14 ,0 ,0 ,-99/14 | 0 ,0 
0 ,0 ,0 ,0 ,0 ,-6/11 ,0 ,-30/11 | 0 ,0 
0 ,0 ,0 ,0 ,0 ,0 ,-580/113 ,2669/52 | 0 ,0 
0 ,0 ,0 ,0 ,0 ,0 ,0 ,1 | 0 ,1 

R4 --> R4 - 112/5*R8

1 ,0 ,0 ,0 ,0 ,0 ,0 ,0 | 0 ,9 
0 ,1 ,0 ,0 ,0 ,0 ,0 ,0 | 0 ,-3 
0 ,0 ,1 ,0 ,0 ,0 ,0 ,0 | 0 ,7 
0 ,0 ,0 ,14/5 ,0 ,0 ,0 ,0 | 0 ,-112/5 
0 ,0 ,0 ,0 ,-99/14 ,0 ,0 ,-99/14 | 0 ,0 
0 ,0 ,0 ,0 ,0 ,-6/11 ,0 ,-30/11 | 0 ,0 
0 ,0 ,0 ,0 ,0 ,0 ,-580/113 ,2669/52 | 0 ,0 
0 ,0 ,0 ,0 ,0 ,0 ,0 ,1 | 0 ,1 

R4 --> 5/14*R4

1 ,0 ,0 ,0 ,0 ,0 ,0 ,0 | 0 ,9 
0 ,1 ,0 ,0 ,0 ,0 ,0 ,0 | 0 ,-3 
0 ,0 ,1 ,0 ,0 ,0 ,0 ,0 | 0 ,7 
0 ,0 ,0 ,1 ,0 ,0 ,0 ,0 | 0 ,-8 
0 ,0 ,0 ,0 ,-99/14 ,0 ,0 ,-99/14 | 0 ,0 
0 ,0 ,0 ,0 ,0 ,-6/11 ,0 ,-30/11 | 0 ,0 
0 ,0 ,0 ,0 ,0 ,0 ,-580/113 ,2669/52 | 0 ,0 
0 ,0 ,0 ,0 ,0 ,0 ,0 ,1 | 0 ,1 

R5 --> R5 + 99/14*R8

1 ,0 ,0 ,0 ,0 ,0 ,0 ,0 | 0 ,9 
0 ,1 ,0 ,0 ,0 ,0 ,0 ,0 | 0 ,-3 
0 ,0 ,1 ,0 ,0 ,0 ,0 ,0 | 0 ,7 
0 ,0 ,0 ,1 ,0 ,0 ,0 ,0 | 0 ,-8 
0 ,0 ,0 ,0 ,-99/14 ,0 ,0 ,0 | 0 ,99/14 
0 ,0 ,0 ,0 ,0 ,-6/11 ,0 ,-30/11 | 0 ,0 
0 ,0 ,0 ,0 ,0 ,0 ,-580/113 ,2669/52 | 0 ,0 
0 ,0 ,0 ,0 ,0 ,0 ,0 ,1 | 0 ,1 

R5 --> -14/99*R5

1 ,0 ,0 ,0 ,0 ,0 ,0 ,0 | 0 ,9 
0 ,1 ,0 ,0 ,0 ,0 ,0 ,0 | 0 ,-3 
0 ,0 ,1 ,0 ,0 ,0 ,0 ,0 | 0 ,7 
0 ,0 ,0 ,1 ,0 ,0 ,0 ,0 | 0 ,-8 
0 ,0 ,0 ,0 ,1 ,0 ,0 ,0 | 0 ,-1 
0 ,0 ,0 ,0 ,0 ,-6/11 ,0 ,-30/11 | 0 ,0 
0 ,0 ,0 ,0 ,0 ,0 ,-580/113 ,2669/52 | 0 ,0 
0 ,0 ,0 ,0 ,0 ,0 ,0 ,1 | 0 ,1 

R6 --> R6 + 30/11*R8

1 ,0 ,0 ,0 ,0 ,0 ,0 ,0 | 0 ,9 
0 ,1 ,0 ,0 ,0 ,0 ,0 ,0 | 0 ,-3 
0 ,0 ,1 ,0 ,0 ,0 ,0 ,0 | 0 ,7 
0 ,0 ,0 ,1 ,0 ,0 ,0 ,0 | 0 ,-8 
0 ,0 ,0 ,0 ,1 ,0 ,0 ,0 | 0 ,-1 
0 ,0 ,0 ,0 ,0 ,-6/11 ,0 ,0 | 0 ,30/11 
0 ,0 ,0 ,0 ,0 ,0 ,-580/113 ,2669/52 | 0 ,0 
0 ,0 ,0 ,0 ,0 ,0 ,0 ,1 | 0 ,1 

R6 --> -11/6*R6

1 ,0 ,0 ,0 ,0 ,0 ,0 ,0 | 0 ,9 
0 ,1 ,0 ,0 ,0 ,0 ,0 ,0 | 0 ,-3 
0 ,0 ,1 ,0 ,0 ,0 ,0 ,0 | 0 ,7 
0 ,0 ,0 ,1 ,0 ,0 ,0 ,0 | 0 ,-8 
0 ,0 ,0 ,0 ,1 ,0 ,0 ,0 | 0 ,-1 
0 ,0 ,0 ,0 ,0 ,1 ,0 ,0 | 0 ,-5 
0 ,0 ,0 ,0 ,0 ,0 ,-580/113 ,2669/52 | 0 ,0 
0 ,0 ,0 ,0 ,0 ,0 ,0 ,1 | 0 ,1 

R7 --> R7 - 2669/52*R8

1 ,0 ,0 ,0 ,0 ,0 ,0 ,0 | 0 ,9 
0 ,1 ,0 ,0 ,0 ,0 ,0 ,0 | 0 ,-3 
0 ,0 ,1 ,0 ,0 ,0 ,0 ,0 | 0 ,7 
0 ,0 ,0 ,1 ,0 ,0 ,0 ,0 | 0 ,-8 
0 ,0 ,0 ,0 ,1 ,0 ,0 ,0 | 0 ,-1 
0 ,0 ,0 ,0 ,0 ,1 ,0 ,0 | 0 ,-5 
0 ,0 ,0 ,0 ,0 ,0 ,-580/113 ,0 | 0 ,-2669/52 
0 ,0 ,0 ,0 ,0 ,0 ,0 ,1 | 0 ,1 

R7 --> -113/580*R7

1 ,0 ,0 ,0 ,0 ,0 ,0 ,0 | 0 ,9 
0 ,1 ,0 ,0 ,0 ,0 ,0 ,0 | 0 ,-3 
0 ,0 ,1 ,0 ,0 ,0 ,0 ,0 | 0 ,7 
0 ,0 ,0 ,1 ,0 ,0 ,0 ,0 | 0 ,-8 
0 ,0 ,0 ,0 ,1 ,0 ,0 ,0 | 0 ,-1 
0 ,0 ,0 ,0 ,0 ,1 ,0 ,0 | 0 ,-5 
0 ,0 ,0 ,0 ,0 ,0 ,1 ,0 | 0 ,10 
0 ,0 ,0 ,0 ,0 ,0 ,0 ,1 | 0 ,1 

solution is infinite set of vectors that linear dependent in line: x = λ*( 9 , -3 , 7 , -8 , -1 , -5 , 10 , 1 )

########################################################################################################################################
Solve The Next System Under Space R8:
- x2 - x3 + x7 = 0
  x1 + 3*x2 - 2*x5 - x6 = 0
  x1 + 2*x2 - 2*x3 + x4 - x7 - x8 = 0
- 3*x1 - x2 + 3*x3 + 3*x4 - 3*x5 + 2*x7 + 2*x8 = 0
- 2*x1 + 3*x2 - x3 - 2*x4 + x5 + 2*x6 - 3*x7 - 3*x8 = 0
- x1 - 2*x3 - 2*x4 + x5 - 3*x6 + x7 + x8 = 0
- 2*x1 - 3*x3 + 3*x5 - x7 - 2*x8 = 0
- x1 - 2*x2 - x3 - 3*x4 + 3*x5 - 2*x6 - 2*x7 + 3*x8 = 0

0 ,-1 ,-1 ,0 ,0 ,0 ,1 ,0 | 0 
1 ,3 ,0 ,0 ,-2 ,-1 ,0 ,0 | 0 
1 ,2 ,-2 ,1 ,0 ,0 ,-1 ,-1 | 0 
-3 ,-1 ,3 ,3 ,-3 ,0 ,2 ,2 | 0 
-2 ,3 ,-1 ,-2 ,1 ,2 ,-3 ,-3 | 0 
-1 ,0 ,-2 ,-2 ,1 ,-3 ,1 ,1 | 0 
-2 ,0 ,-3 ,0 ,3 ,0 ,-1 ,-2 | 0 
-1 ,-2 ,-1 ,-3 ,3 ,-2 ,-2 ,3 | 0 

R1 <--> R2

1 ,3 ,0 ,0 ,-2 ,-1 ,0 ,0 | 0 
0 ,-1 ,-1 ,0 ,0 ,0 ,1 ,0 | 0 
1 ,2 ,-2 ,1 ,0 ,0 ,-1 ,-1 | 0 
-3 ,-1 ,3 ,3 ,-3 ,0 ,2 ,2 | 0 
-2 ,3 ,-1 ,-2 ,1 ,2 ,-3 ,-3 | 0 
-1 ,0 ,-2 ,-2 ,1 ,-3 ,1 ,1 | 0 
-2 ,0 ,-3 ,0 ,3 ,0 ,-1 ,-2 | 0 
-1 ,-2 ,-1 ,-3 ,3 ,-2 ,-2 ,3 | 0 

R3 --> R3 - R1

1 ,3 ,0 ,0 ,-2 ,-1 ,0 ,0 | 0 
0 ,-1 ,-1 ,0 ,0 ,0 ,1 ,0 | 0 
0 ,-1 ,-2 ,1 ,2 ,1 ,-1 ,-1 | 0 
-3 ,-1 ,3 ,3 ,-3 ,0 ,2 ,2 | 0 
-2 ,3 ,-1 ,-2 ,1 ,2 ,-3 ,-3 | 0 
-1 ,0 ,-2 ,-2 ,1 ,-3 ,1 ,1 | 0 
-2 ,0 ,-3 ,0 ,3 ,0 ,-1 ,-2 | 0 
-1 ,-2 ,-1 ,-3 ,3 ,-2 ,-2 ,3 | 0 

R4 --> R4 + 3*R1

1 ,3 ,0 ,0 ,-2 ,-1 ,0 ,0 | 0 
0 ,-1 ,-1 ,0 ,0 ,0 ,1 ,0 | 0 
0 ,-1 ,-2 ,1 ,2 ,1 ,-1 ,-1 | 0 
0 ,8 ,3 ,3 ,-9 ,-3 ,2 ,2 | 0 
-2 ,3 ,-1 ,-2 ,1 ,2 ,-3 ,-3 | 0 
-1 ,0 ,-2 ,-2 ,1 ,-3 ,1 ,1 | 0 
-2 ,0 ,-3 ,0 ,3 ,0 ,-1 ,-2 | 0 
-1 ,-2 ,-1 ,-3 ,3 ,-2 ,-2 ,3 | 0 

R5 --> R5 + 2*R1

1 ,3 ,0 ,0 ,-2 ,-1 ,0 ,0 | 0 
0 ,-1 ,-1 ,0 ,0 ,0 ,1 ,0 | 0 
0 ,-1 ,-2 ,1 ,2 ,1 ,-1 ,-1 | 0 
0 ,8 ,3 ,3 ,-9 ,-3 ,2 ,2 | 0 
0 ,9 ,-1 ,-2 ,-3 ,0 ,-3 ,-3 | 0 
-1 ,0 ,-2 ,-2 ,1 ,-3 ,1 ,1 | 0 
-2 ,0 ,-3 ,0 ,3 ,0 ,-1 ,-2 | 0 
-1 ,-2 ,-1 ,-3 ,3 ,-2 ,-2 ,3 | 0 

R6 --> R6 + R1

1 ,3 ,0 ,0 ,-2 ,-1 ,0 ,0 | 0 
0 ,-1 ,-1 ,0 ,0 ,0 ,1 ,0 | 0 
0 ,-1 ,-2 ,1 ,2 ,1 ,-1 ,-1 | 0 
0 ,8 ,3 ,3 ,-9 ,-3 ,2 ,2 | 0 
0 ,9 ,-1 ,-2 ,-3 ,0 ,-3 ,-3 | 0 
0 ,3 ,-2 ,-2 ,-1 ,-4 ,1 ,1 | 0 
-2 ,0 ,-3 ,0 ,3 ,0 ,-1 ,-2 | 0 
-1 ,-2 ,-1 ,-3 ,3 ,-2 ,-2 ,3 | 0 

R7 --> R7 + 2*R1

1 ,3 ,0 ,0 ,-2 ,-1 ,0 ,0 | 0 
0 ,-1 ,-1 ,0 ,0 ,0 ,1 ,0 | 0 
0 ,-1 ,-2 ,1 ,2 ,1 ,-1 ,-1 | 0 
0 ,8 ,3 ,3 ,-9 ,-3 ,2 ,2 | 0 
0 ,9 ,-1 ,-2 ,-3 ,0 ,-3 ,-3 | 0 
0 ,3 ,-2 ,-2 ,-1 ,-4 ,1 ,1 | 0 
0 ,6 ,-3 ,0 ,-1 ,-2 ,-1 ,-2 | 0 
-1 ,-2 ,-1 ,-3 ,3 ,-2 ,-2 ,3 | 0 

R8 --> R8 + R1

1 ,3 ,0 ,0 ,-2 ,-1 ,0 ,0 | 0 
0 ,-1 ,-1 ,0 ,0 ,0 ,1 ,0 | 0 
0 ,-1 ,-2 ,1 ,2 ,1 ,-1 ,-1 | 0 
0 ,8 ,3 ,3 ,-9 ,-3 ,2 ,2 | 0 
0 ,9 ,-1 ,-2 ,-3 ,0 ,-3 ,-3 | 0 
0 ,3 ,-2 ,-2 ,-1 ,-4 ,1 ,1 | 0 
0 ,6 ,-3 ,0 ,-1 ,-2 ,-1 ,-2 | 0 
0 ,1 ,-1 ,-3 ,1 ,-3 ,-2 ,3 | 0 

R1 --> R1 + 3*R2

1 ,0 ,-3 ,0 ,-2 ,-1 ,3 ,0 | 0 
0 ,-1 ,-1 ,0 ,0 ,0 ,1 ,0 | 0 
0 ,-1 ,-2 ,1 ,2 ,1 ,-1 ,-1 | 0 
0 ,8 ,3 ,3 ,-9 ,-3 ,2 ,2 | 0 
0 ,9 ,-1 ,-2 ,-3 ,0 ,-3 ,-3 | 0 
0 ,3 ,-2 ,-2 ,-1 ,-4 ,1 ,1 | 0 
0 ,6 ,-3 ,0 ,-1 ,-2 ,-1 ,-2 | 0 
0 ,1 ,-1 ,-3 ,1 ,-3 ,-2 ,3 | 0 

R3 --> R3 - R2

1 ,0 ,-3 ,0 ,-2 ,-1 ,3 ,0 | 0 
0 ,-1 ,-1 ,0 ,0 ,0 ,1 ,0 | 0 
0 ,0 ,-1 ,1 ,2 ,1 ,-2 ,-1 | 0 
0 ,8 ,3 ,3 ,-9 ,-3 ,2 ,2 | 0 
0 ,9 ,-1 ,-2 ,-3 ,0 ,-3 ,-3 | 0 
0 ,3 ,-2 ,-2 ,-1 ,-4 ,1 ,1 | 0 
0 ,6 ,-3 ,0 ,-1 ,-2 ,-1 ,-2 | 0 
0 ,1 ,-1 ,-3 ,1 ,-3 ,-2 ,3 | 0 

R4 --> R4 + 8*R2

1 ,0 ,-3 ,0 ,-2 ,-1 ,3 ,0 | 0 
0 ,-1 ,-1 ,0 ,0 ,0 ,1 ,0 | 0 
0 ,0 ,-1 ,1 ,2 ,1 ,-2 ,-1 | 0 
0 ,0 ,-5 ,3 ,-9 ,-3 ,10 ,2 | 0 
0 ,9 ,-1 ,-2 ,-3 ,0 ,-3 ,-3 | 0 
0 ,3 ,-2 ,-2 ,-1 ,-4 ,1 ,1 | 0 
0 ,6 ,-3 ,0 ,-1 ,-2 ,-1 ,-2 | 0 
0 ,1 ,-1 ,-3 ,1 ,-3 ,-2 ,3 | 0 

R5 --> R5 + 9*R2

1 ,0 ,-3 ,0 ,-2 ,-1 ,3 ,0 | 0 
0 ,-1 ,-1 ,0 ,0 ,0 ,1 ,0 | 0 
0 ,0 ,-1 ,1 ,2 ,1 ,-2 ,-1 | 0 
0 ,0 ,-5 ,3 ,-9 ,-3 ,10 ,2 | 0 
0 ,0 ,-10 ,-2 ,-3 ,0 ,6 ,-3 | 0 
0 ,3 ,-2 ,-2 ,-1 ,-4 ,1 ,1 | 0 
0 ,6 ,-3 ,0 ,-1 ,-2 ,-1 ,-2 | 0 
0 ,1 ,-1 ,-3 ,1 ,-3 ,-2 ,3 | 0 

R6 --> R6 + 3*R2

1 ,0 ,-3 ,0 ,-2 ,-1 ,3 ,0 | 0 
0 ,-1 ,-1 ,0 ,0 ,0 ,1 ,0 | 0 
0 ,0 ,-1 ,1 ,2 ,1 ,-2 ,-1 | 0 
0 ,0 ,-5 ,3 ,-9 ,-3 ,10 ,2 | 0 
0 ,0 ,-10 ,-2 ,-3 ,0 ,6 ,-3 | 0 
0 ,0 ,-5 ,-2 ,-1 ,-4 ,4 ,1 | 0 
0 ,6 ,-3 ,0 ,-1 ,-2 ,-1 ,-2 | 0 
0 ,1 ,-1 ,-3 ,1 ,-3 ,-2 ,3 | 0 

R7 --> R7 + 6*R2

1 ,0 ,-3 ,0 ,-2 ,-1 ,3 ,0 | 0 
0 ,-1 ,-1 ,0 ,0 ,0 ,1 ,0 | 0 
0 ,0 ,-1 ,1 ,2 ,1 ,-2 ,-1 | 0 
0 ,0 ,-5 ,3 ,-9 ,-3 ,10 ,2 | 0 
0 ,0 ,-10 ,-2 ,-3 ,0 ,6 ,-3 | 0 
0 ,0 ,-5 ,-2 ,-1 ,-4 ,4 ,1 | 0 
0 ,0 ,-9 ,0 ,-1 ,-2 ,5 ,-2 | 0 
0 ,1 ,-1 ,-3 ,1 ,-3 ,-2 ,3 | 0 

R8 --> R8 + R2

1 ,0 ,-3 ,0 ,-2 ,-1 ,3 ,0 | 0 
0 ,-1 ,-1 ,0 ,0 ,0 ,1 ,0 | 0 
0 ,0 ,-1 ,1 ,2 ,1 ,-2 ,-1 | 0 
0 ,0 ,-5 ,3 ,-9 ,-3 ,10 ,2 | 0 
0 ,0 ,-10 ,-2 ,-3 ,0 ,6 ,-3 | 0 
0 ,0 ,-5 ,-2 ,-1 ,-4 ,4 ,1 | 0 
0 ,0 ,-9 ,0 ,-1 ,-2 ,5 ,-2 | 0 
0 ,0 ,-2 ,-3 ,1 ,-3 ,-1 ,3 | 0 

R1 --> R1 - 3*R3

1 ,0 ,0 ,-3 ,-8 ,-4 ,9 ,3 | 0 
0 ,-1 ,-1 ,0 ,0 ,0 ,1 ,0 | 0 
0 ,0 ,-1 ,1 ,2 ,1 ,-2 ,-1 | 0 
0 ,0 ,-5 ,3 ,-9 ,-3 ,10 ,2 | 0 
0 ,0 ,-10 ,-2 ,-3 ,0 ,6 ,-3 | 0 
0 ,0 ,-5 ,-2 ,-1 ,-4 ,4 ,1 | 0 
0 ,0 ,-9 ,0 ,-1 ,-2 ,5 ,-2 | 0 
0 ,0 ,-2 ,-3 ,1 ,-3 ,-1 ,3 | 0 

R2 --> R2 - R3

1 ,0 ,0 ,-3 ,-8 ,-4 ,9 ,3 | 0 
0 ,-1 ,0 ,-1 ,-2 ,-1 ,3 ,1 | 0 
0 ,0 ,-1 ,1 ,2 ,1 ,-2 ,-1 | 0 
0 ,0 ,-5 ,3 ,-9 ,-3 ,10 ,2 | 0 
0 ,0 ,-10 ,-2 ,-3 ,0 ,6 ,-3 | 0 
0 ,0 ,-5 ,-2 ,-1 ,-4 ,4 ,1 | 0 
0 ,0 ,-9 ,0 ,-1 ,-2 ,5 ,-2 | 0 
0 ,0 ,-2 ,-3 ,1 ,-3 ,-1 ,3 | 0 

R4 --> R4 - 5*R3

1 ,0 ,0 ,-3 ,-8 ,-4 ,9 ,3 | 0 
0 ,-1 ,0 ,-1 ,-2 ,-1 ,3 ,1 | 0 
0 ,0 ,-1 ,1 ,2 ,1 ,-2 ,-1 | 0 
0 ,0 ,0 ,-2 ,-19 ,-8 ,20 ,7 | 0 
0 ,0 ,-10 ,-2 ,-3 ,0 ,6 ,-3 | 0 
0 ,0 ,-5 ,-2 ,-1 ,-4 ,4 ,1 | 0 
0 ,0 ,-9 ,0 ,-1 ,-2 ,5 ,-2 | 0 
0 ,0 ,-2 ,-3 ,1 ,-3 ,-1 ,3 | 0 

R5 --> R5 - 10*R3

1 ,0 ,0 ,-3 ,-8 ,-4 ,9 ,3 | 0 
0 ,-1 ,0 ,-1 ,-2 ,-1 ,3 ,1 | 0 
0 ,0 ,-1 ,1 ,2 ,1 ,-2 ,-1 | 0 
0 ,0 ,0 ,-2 ,-19 ,-8 ,20 ,7 | 0 
0 ,0 ,0 ,-12 ,-23 ,-10 ,26 ,7 | 0 
0 ,0 ,-5 ,-2 ,-1 ,-4 ,4 ,1 | 0 
0 ,0 ,-9 ,0 ,-1 ,-2 ,5 ,-2 | 0 
0 ,0 ,-2 ,-3 ,1 ,-3 ,-1 ,3 | 0 

R6 --> R6 - 5*R3

1 ,0 ,0 ,-3 ,-8 ,-4 ,9 ,3 | 0 
0 ,-1 ,0 ,-1 ,-2 ,-1 ,3 ,1 | 0 
0 ,0 ,-1 ,1 ,2 ,1 ,-2 ,-1 | 0 
0 ,0 ,0 ,-2 ,-19 ,-8 ,20 ,7 | 0 
0 ,0 ,0 ,-12 ,-23 ,-10 ,26 ,7 | 0 
0 ,0 ,0 ,-7 ,-11 ,-9 ,14 ,6 | 0 
0 ,0 ,-9 ,0 ,-1 ,-2 ,5 ,-2 | 0 
0 ,0 ,-2 ,-3 ,1 ,-3 ,-1 ,3 | 0 

R7 --> R7 - 9*R3

1 ,0 ,0 ,-3 ,-8 ,-4 ,9 ,3 | 0 
0 ,-1 ,0 ,-1 ,-2 ,-1 ,3 ,1 | 0 
0 ,0 ,-1 ,1 ,2 ,1 ,-2 ,-1 | 0 
0 ,0 ,0 ,-2 ,-19 ,-8 ,20 ,7 | 0 
0 ,0 ,0 ,-12 ,-23 ,-10 ,26 ,7 | 0 
0 ,0 ,0 ,-7 ,-11 ,-9 ,14 ,6 | 0 
0 ,0 ,0 ,-9 ,-19 ,-11 ,23 ,7 | 0 
0 ,0 ,-2 ,-3 ,1 ,-3 ,-1 ,3 | 0 

R8 --> R8 - 2*R3

1 ,0 ,0 ,-3 ,-8 ,-4 ,9 ,3 | 0 
0 ,-1 ,0 ,-1 ,-2 ,-1 ,3 ,1 | 0 
0 ,0 ,-1 ,1 ,2 ,1 ,-2 ,-1 | 0 
0 ,0 ,0 ,-2 ,-19 ,-8 ,20 ,7 | 0 
0 ,0 ,0 ,-12 ,-23 ,-10 ,26 ,7 | 0 
0 ,0 ,0 ,-7 ,-11 ,-9 ,14 ,6 | 0 
0 ,0 ,0 ,-9 ,-19 ,-11 ,23 ,7 | 0 
0 ,0 ,0 ,-5 ,-3 ,-5 ,3 ,5 | 0 

R1 --> R1 - 3/2*R4

1 ,0 ,0 ,0 ,41/2 ,8 ,-21 ,-15/2 | 0 
0 ,-1 ,0 ,-1 ,-2 ,-1 ,3 ,1 | 0 
0 ,0 ,-1 ,1 ,2 ,1 ,-2 ,-1 | 0 
0 ,0 ,0 ,-2 ,-19 ,-8 ,20 ,7 | 0 
0 ,0 ,0 ,-12 ,-23 ,-10 ,26 ,7 | 0 
0 ,0 ,0 ,-7 ,-11 ,-9 ,14 ,6 | 0 
0 ,0 ,0 ,-9 ,-19 ,-11 ,23 ,7 | 0 
0 ,0 ,0 ,-5 ,-3 ,-5 ,3 ,5 | 0 

R2 --> R2 - 1/2*R4

1 ,0 ,0 ,0 ,41/2 ,8 ,-21 ,-15/2 | 0 
0 ,-1 ,0 ,0 ,15/2 ,3 ,-7 ,-5/2 | 0 
0 ,0 ,-1 ,1 ,2 ,1 ,-2 ,-1 | 0 
0 ,0 ,0 ,-2 ,-19 ,-8 ,20 ,7 | 0 
0 ,0 ,0 ,-12 ,-23 ,-10 ,26 ,7 | 0 
0 ,0 ,0 ,-7 ,-11 ,-9 ,14 ,6 | 0 
0 ,0 ,0 ,-9 ,-19 ,-11 ,23 ,7 | 0 
0 ,0 ,0 ,-5 ,-3 ,-5 ,3 ,5 | 0 

R3 --> R3 + 1/2*R4

1 ,0 ,0 ,0 ,41/2 ,8 ,-21 ,-15/2 | 0 
0 ,-1 ,0 ,0 ,15/2 ,3 ,-7 ,-5/2 | 0 
0 ,0 ,-1 ,0 ,-15/2 ,-3 ,8 ,5/2 | 0 
0 ,0 ,0 ,-2 ,-19 ,-8 ,20 ,7 | 0 
0 ,0 ,0 ,-12 ,-23 ,-10 ,26 ,7 | 0 
0 ,0 ,0 ,-7 ,-11 ,-9 ,14 ,6 | 0 
0 ,0 ,0 ,-9 ,-19 ,-11 ,23 ,7 | 0 
0 ,0 ,0 ,-5 ,-3 ,-5 ,3 ,5 | 0 

R5 --> R5 - 6*R4

1 ,0 ,0 ,0 ,41/2 ,8 ,-21 ,-15/2 | 0 
0 ,-1 ,0 ,0 ,15/2 ,3 ,-7 ,-5/2 | 0 
0 ,0 ,-1 ,0 ,-15/2 ,-3 ,8 ,5/2 | 0 
0 ,0 ,0 ,-2 ,-19 ,-8 ,20 ,7 | 0 
0 ,0 ,0 ,0 ,91 ,38 ,-94 ,-35 | 0 
0 ,0 ,0 ,-7 ,-11 ,-9 ,14 ,6 | 0 
0 ,0 ,0 ,-9 ,-19 ,-11 ,23 ,7 | 0 
0 ,0 ,0 ,-5 ,-3 ,-5 ,3 ,5 | 0 

R6 --> R6 - 7/2*R4

1 ,0 ,0 ,0 ,41/2 ,8 ,-21 ,-15/2 | 0 
0 ,-1 ,0 ,0 ,15/2 ,3 ,-7 ,-5/2 | 0 
0 ,0 ,-1 ,0 ,-15/2 ,-3 ,8 ,5/2 | 0 
0 ,0 ,0 ,-2 ,-19 ,-8 ,20 ,7 | 0 
0 ,0 ,0 ,0 ,91 ,38 ,-94 ,-35 | 0 
0 ,0 ,0 ,0 ,111/2 ,19 ,-56 ,-37/2 | 0 
0 ,0 ,0 ,-9 ,-19 ,-11 ,23 ,7 | 0 
0 ,0 ,0 ,-5 ,-3 ,-5 ,3 ,5 | 0 

R7 --> R7 - 9/2*R4

1 ,0 ,0 ,0 ,41/2 ,8 ,-21 ,-15/2 | 0 
0 ,-1 ,0 ,0 ,15/2 ,3 ,-7 ,-5/2 | 0 
0 ,0 ,-1 ,0 ,-15/2 ,-3 ,8 ,5/2 | 0 
0 ,0 ,0 ,-2 ,-19 ,-8 ,20 ,7 | 0 
0 ,0 ,0 ,0 ,91 ,38 ,-94 ,-35 | 0 
0 ,0 ,0 ,0 ,111/2 ,19 ,-56 ,-37/2 | 0 
0 ,0 ,0 ,0 ,133/2 ,25 ,-67 ,-49/2 | 0 
0 ,0 ,0 ,-5 ,-3 ,-5 ,3 ,5 | 0 

R8 --> R8 - 5/2*R4

1 ,0 ,0 ,0 ,41/2 ,8 ,-21 ,-15/2 | 0 
0 ,-1 ,0 ,0 ,15/2 ,3 ,-7 ,-5/2 | 0 
0 ,0 ,-1 ,0 ,-15/2 ,-3 ,8 ,5/2 | 0 
0 ,0 ,0 ,-2 ,-19 ,-8 ,20 ,7 | 0 
0 ,0 ,0 ,0 ,91 ,38 ,-94 ,-35 | 0 
0 ,0 ,0 ,0 ,111/2 ,19 ,-56 ,-37/2 | 0 
0 ,0 ,0 ,0 ,133/2 ,25 ,-67 ,-49/2 | 0 
0 ,0 ,0 ,0 ,89/2 ,15 ,-47 ,-25/2 | 0 

R1 --> R1 - 41/182*R5

1 ,0 ,0 ,0 ,0 ,-51/91 ,16/91 ,5/13 | 0 
0 ,-1 ,0 ,0 ,15/2 ,3 ,-7 ,-5/2 | 0 
0 ,0 ,-1 ,0 ,-15/2 ,-3 ,8 ,5/2 | 0 
0 ,0 ,0 ,-2 ,-19 ,-8 ,20 ,7 | 0 
0 ,0 ,0 ,0 ,91 ,38 ,-94 ,-35 | 0 
0 ,0 ,0 ,0 ,111/2 ,19 ,-56 ,-37/2 | 0 
0 ,0 ,0 ,0 ,133/2 ,25 ,-67 ,-49/2 | 0 
0 ,0 ,0 ,0 ,89/2 ,15 ,-47 ,-25/2 | 0 

R2 --> R2 - 15/182*R5

1 ,0 ,0 ,0 ,0 ,-51/91 ,16/91 ,5/13 | 0 
0 ,-1 ,0 ,0 ,0 ,-12/91 ,68/91 ,5/13 | 0 
0 ,0 ,-1 ,0 ,-15/2 ,-3 ,8 ,5/2 | 0 
0 ,0 ,0 ,-2 ,-19 ,-8 ,20 ,7 | 0 
0 ,0 ,0 ,0 ,91 ,38 ,-94 ,-35 | 0 
0 ,0 ,0 ,0 ,111/2 ,19 ,-56 ,-37/2 | 0 
0 ,0 ,0 ,0 ,133/2 ,25 ,-67 ,-49/2 | 0 
0 ,0 ,0 ,0 ,89/2 ,15 ,-47 ,-25/2 | 0 

R3 --> R3 + 15/182*R5

1 ,0 ,0 ,0 ,0 ,-51/91 ,16/91 ,5/13 | 0 
0 ,-1 ,0 ,0 ,0 ,-12/91 ,68/91 ,5/13 | 0 
0 ,0 ,-1 ,0 ,0 ,12/91 ,23/91 ,-5/13 | 0 
0 ,0 ,0 ,-2 ,-19 ,-8 ,20 ,7 | 0 
0 ,0 ,0 ,0 ,91 ,38 ,-94 ,-35 | 0 
0 ,0 ,0 ,0 ,111/2 ,19 ,-56 ,-37/2 | 0 
0 ,0 ,0 ,0 ,133/2 ,25 ,-67 ,-49/2 | 0 
0 ,0 ,0 ,0 ,89/2 ,15 ,-47 ,-25/2 | 0 

R4 --> R4 + 19/91*R5

1 ,0 ,0 ,0 ,0 ,-51/91 ,16/91 ,5/13 | 0 
0 ,-1 ,0 ,0 ,0 ,-12/91 ,68/91 ,5/13 | 0 
0 ,0 ,-1 ,0 ,0 ,12/91 ,23/91 ,-5/13 | 0 
0 ,0 ,0 ,-2 ,0 ,-6/91 ,34/91 ,-4/13 | 0 
0 ,0 ,0 ,0 ,91 ,38 ,-94 ,-35 | 0 
0 ,0 ,0 ,0 ,111/2 ,19 ,-56 ,-37/2 | 0 
0 ,0 ,0 ,0 ,133/2 ,25 ,-67 ,-49/2 | 0 
0 ,0 ,0 ,0 ,89/2 ,15 ,-47 ,-25/2 | 0 

R6 --> R6 - 111/182*R5

1 ,0 ,0 ,0 ,0 ,-51/91 ,16/91 ,5/13 | 0 
0 ,-1 ,0 ,0 ,0 ,-12/91 ,68/91 ,5/13 | 0 
0 ,0 ,-1 ,0 ,0 ,12/91 ,23/91 ,-5/13 | 0 
0 ,0 ,0 ,-2 ,0 ,-6/91 ,34/91 ,-4/13 | 0 
0 ,0 ,0 ,0 ,91 ,38 ,-94 ,-35 | 0 
0 ,0 ,0 ,0 ,0 ,-380/91 ,121/91 ,37/13 | 0 
0 ,0 ,0 ,0 ,133/2 ,25 ,-67 ,-49/2 | 0 
0 ,0 ,0 ,0 ,89/2 ,15 ,-47 ,-25/2 | 0 

R7 --> R7 - 19/26*R5

1 ,0 ,0 ,0 ,0 ,-51/91 ,16/91 ,5/13 | 0 
0 ,-1 ,0 ,0 ,0 ,-12/91 ,68/91 ,5/13 | 0 
0 ,0 ,-1 ,0 ,0 ,12/91 ,23/91 ,-5/13 | 0 
0 ,0 ,0 ,-2 ,0 ,-6/91 ,34/91 ,-4/13 | 0 
0 ,0 ,0 ,0 ,91 ,38 ,-94 ,-35 | 0 
0 ,0 ,0 ,0 ,0 ,-380/91 ,121/91 ,37/13 | 0 
0 ,0 ,0 ,0 ,0 ,-36/13 ,22/13 ,14/13 | 0 
0 ,0 ,0 ,0 ,89/2 ,15 ,-47 ,-25/2 | 0 

R8 --> R8 - 89/182*R5

1 ,0 ,0 ,0 ,0 ,-51/91 ,16/91 ,5/13 | 0 
0 ,-1 ,0 ,0 ,0 ,-12/91 ,68/91 ,5/13 | 0 
0 ,0 ,-1 ,0 ,0 ,12/91 ,23/91 ,-5/13 | 0 
0 ,0 ,0 ,-2 ,0 ,-6/91 ,34/91 ,-4/13 | 0 
0 ,0 ,0 ,0 ,91 ,38 ,-94 ,-35 | 0 
0 ,0 ,0 ,0 ,0 ,-380/91 ,121/91 ,37/13 | 0 
0 ,0 ,0 ,0 ,0 ,-36/13 ,22/13 ,14/13 | 0 
0 ,0 ,0 ,0 ,0 ,-326/91 ,-94/91 ,60/13 | 0 

R1 --> R1 - 51/380*R6

1 ,0 ,0 ,0 ,0 ,0 ,-9/3421 ,22/8361 | 0 
0 ,-1 ,0 ,0 ,0 ,-12/91 ,68/91 ,5/13 | 0 
0 ,0 ,-1 ,0 ,0 ,12/91 ,23/91 ,-5/13 | 0 
0 ,0 ,0 ,-2 ,0 ,-6/91 ,34/91 ,-4/13 | 0 
0 ,0 ,0 ,0 ,91 ,38 ,-94 ,-35 | 0 
0 ,0 ,0 ,0 ,0 ,-380/91 ,121/91 ,37/13 | 0 
0 ,0 ,0 ,0 ,0 ,-36/13 ,22/13 ,14/13 | 0 
0 ,0 ,0 ,0 ,0 ,-326/91 ,-94/91 ,60/13 | 0 

R2 --> R2 - 3/95*R6

1 ,0 ,0 ,0 ,0 ,0 ,-9/3421 ,22/8361 | 0 
0 ,-1 ,0 ,0 ,0 ,0 ,67/95 ,28/95 | 0 
0 ,0 ,-1 ,0 ,0 ,12/91 ,23/91 ,-5/13 | 0 
0 ,0 ,0 ,-2 ,0 ,-6/91 ,34/91 ,-4/13 | 0 
0 ,0 ,0 ,0 ,91 ,38 ,-94 ,-35 | 0 
0 ,0 ,0 ,0 ,0 ,-380/91 ,121/91 ,37/13 | 0 
0 ,0 ,0 ,0 ,0 ,-36/13 ,22/13 ,14/13 | 0 
0 ,0 ,0 ,0 ,0 ,-326/91 ,-94/91 ,60/13 | 0 

R3 --> R3 + 3/95*R6

1 ,0 ,0 ,0 ,0 ,0 ,-9/3421 ,22/8361 | 0 
0 ,-1 ,0 ,0 ,0 ,0 ,67/95 ,28/95 | 0 
0 ,0 ,-1 ,0 ,0 ,0 ,28/95 ,-28/95 | 0 
0 ,0 ,0 ,-2 ,0 ,-6/91 ,34/91 ,-4/13 | 0 
0 ,0 ,0 ,0 ,91 ,38 ,-94 ,-35 | 0 
0 ,0 ,0 ,0 ,0 ,-380/91 ,121/91 ,37/13 | 0 
0 ,0 ,0 ,0 ,0 ,-36/13 ,22/13 ,14/13 | 0 
0 ,0 ,0 ,0 ,0 ,-326/91 ,-94/91 ,60/13 | 0 

R4 --> R4 - 3/190*R6

1 ,0 ,0 ,0 ,0 ,0 ,-9/3421 ,22/8361 | 0 
0 ,-1 ,0 ,0 ,0 ,0 ,67/95 ,28/95 | 0 
0 ,0 ,-1 ,0 ,0 ,0 ,28/95 ,-28/95 | 0 
0 ,0 ,0 ,-2 ,0 ,0 ,67/190 ,-67/190 | 0 
0 ,0 ,0 ,0 ,91 ,38 ,-94 ,-35 | 0 
0 ,0 ,0 ,0 ,0 ,-380/91 ,121/91 ,37/13 | 0 
0 ,0 ,0 ,0 ,0 ,-36/13 ,22/13 ,14/13 | 0 
0 ,0 ,0 ,0 ,0 ,-326/91 ,-94/91 ,60/13 | 0 

R5 --> R5 + 91/10*R6

1 ,0 ,0 ,0 ,0 ,0 ,-9/3421 ,22/8361 | 0 
0 ,-1 ,0 ,0 ,0 ,0 ,67/95 ,28/95 | 0 
0 ,0 ,-1 ,0 ,0 ,0 ,28/95 ,-28/95 | 0 
0 ,0 ,0 ,-2 ,0 ,0 ,67/190 ,-67/190 | 0 
0 ,0 ,0 ,0 ,91 ,0 ,-819/10 ,-91/10 | 0 
0 ,0 ,0 ,0 ,0 ,-380/91 ,121/91 ,37/13 | 0 
0 ,0 ,0 ,0 ,0 ,-36/13 ,22/13 ,14/13 | 0 
0 ,0 ,0 ,0 ,0 ,-326/91 ,-94/91 ,60/13 | 0 

R7 --> R7 - 63/95*R6

1 ,0 ,0 ,0 ,0 ,0 ,-9/3421 ,22/8361 | 0 
0 ,-1 ,0 ,0 ,0 ,0 ,67/95 ,28/95 | 0 
0 ,0 ,-1 ,0 ,0 ,0 ,28/95 ,-28/95 | 0 
0 ,0 ,0 ,-2 ,0 ,0 ,67/190 ,-67/190 | 0 
0 ,0 ,0 ,0 ,91 ,0 ,-819/10 ,-91/10 | 0 
0 ,0 ,0 ,0 ,0 ,-380/91 ,121/91 ,37/13 | 0 
0 ,0 ,0 ,0 ,0 ,0 ,77/95 ,-77/95 | 0 
0 ,0 ,0 ,0 ,0 ,-326/91 ,-94/91 ,60/13 | 0 

R8 --> R8 - 163/190*R6

1 ,0 ,0 ,0 ,0 ,0 ,-9/3421 ,22/8361 | 0 
0 ,-1 ,0 ,0 ,0 ,0 ,67/95 ,28/95 | 0 
0 ,0 ,-1 ,0 ,0 ,0 ,28/95 ,-28/95 | 0 
0 ,0 ,0 ,-2 ,0 ,0 ,67/190 ,-67/190 | 0 
0 ,0 ,0 ,0 ,91 ,0 ,-819/10 ,-91/10 | 0 
0 ,0 ,0 ,0 ,0 ,-380/91 ,121/91 ,37/13 | 0 
0 ,0 ,0 ,0 ,0 ,0 ,77/95 ,-77/95 | 0 
0 ,0 ,0 ,0 ,0 ,0 ,-413/190 ,413/190 | 0 

R1 --> R1 + 11/3389*R7

1 ,0 ,0 ,0 ,0 ,0 ,0 ,0 | 0 
0 ,-1 ,0 ,0 ,0 ,0 ,67/95 ,28/95 | 0 
0 ,0 ,-1 ,0 ,0 ,0 ,28/95 ,-28/95 | 0 
0 ,0 ,0 ,-2 ,0 ,0 ,67/190 ,-67/190 | 0 
0 ,0 ,0 ,0 ,91 ,0 ,-819/10 ,-91/10 | 0 
0 ,0 ,0 ,0 ,0 ,-380/91 ,121/91 ,37/13 | 0 
0 ,0 ,0 ,0 ,0 ,0 ,77/95 ,-77/95 | 0 
0 ,0 ,0 ,0 ,0 ,0 ,-413/190 ,413/190 | 0 

R2 --> R2 - 67/77*R7

1 ,0 ,0 ,0 ,0 ,0 ,0 ,0 | 0 
0 ,-1 ,0 ,0 ,0 ,0 ,0 ,1 | 0 
0 ,0 ,-1 ,0 ,0 ,0 ,28/95 ,-28/95 | 0 
0 ,0 ,0 ,-2 ,0 ,0 ,67/190 ,-67/190 | 0 
0 ,0 ,0 ,0 ,91 ,0 ,-819/10 ,-91/10 | 0 
0 ,0 ,0 ,0 ,0 ,-380/91 ,121/91 ,37/13 | 0 
0 ,0 ,0 ,0 ,0 ,0 ,77/95 ,-77/95 | 0 
0 ,0 ,0 ,0 ,0 ,0 ,-413/190 ,413/190 | 0 

R3 --> R3 - 4/11*R7

1 ,0 ,0 ,0 ,0 ,0 ,0 ,0 | 0 
0 ,-1 ,0 ,0 ,0 ,0 ,0 ,1 | 0 
0 ,0 ,-1 ,0 ,0 ,0 ,0 ,0 | 0 
0 ,0 ,0 ,-2 ,0 ,0 ,67/190 ,-67/190 | 0 
0 ,0 ,0 ,0 ,91 ,0 ,-819/10 ,-91/10 | 0 
0 ,0 ,0 ,0 ,0 ,-380/91 ,121/91 ,37/13 | 0 
0 ,0 ,0 ,0 ,0 ,0 ,77/95 ,-77/95 | 0 
0 ,0 ,0 ,0 ,0 ,0 ,-413/190 ,413/190 | 0 

R4 --> R4 - 67/154*R7

1 ,0 ,0 ,0 ,0 ,0 ,0 ,0 | 0 
0 ,-1 ,0 ,0 ,0 ,0 ,0 ,1 | 0 
0 ,0 ,-1 ,0 ,0 ,0 ,0 ,0 | 0 
0 ,0 ,0 ,-2 ,0 ,0 ,0 ,0 | 0 
0 ,0 ,0 ,0 ,91 ,0 ,-819/10 ,-91/10 | 0 
0 ,0 ,0 ,0 ,0 ,-380/91 ,121/91 ,37/13 | 0 
0 ,0 ,0 ,0 ,0 ,0 ,77/95 ,-77/95 | 0 
0 ,0 ,0 ,0 ,0 ,0 ,-413/190 ,413/190 | 0 

R5 --> R5 + 2223/22*R7

1 ,0 ,0 ,0 ,0 ,0 ,0 ,0 | 0 
0 ,-1 ,0 ,0 ,0 ,0 ,0 ,1 | 0 
0 ,0 ,-1 ,0 ,0 ,0 ,0 ,0 | 0 
0 ,0 ,0 ,-2 ,0 ,0 ,0 ,0 | 0 
0 ,0 ,0 ,0 ,91 ,0 ,0 ,-91 | 0 
0 ,0 ,0 ,0 ,0 ,-380/91 ,121/91 ,37/13 | 0 
0 ,0 ,0 ,0 ,0 ,0 ,77/95 ,-77/95 | 0 
0 ,0 ,0 ,0 ,0 ,0 ,-413/190 ,413/190 | 0 

R6 --> R6 - 397/242*R7

1 ,0 ,0 ,0 ,0 ,0 ,0 ,0 | 0 
0 ,-1 ,0 ,0 ,0 ,0 ,0 ,1 | 0 
0 ,0 ,-1 ,0 ,0 ,0 ,0 ,0 | 0 
0 ,0 ,0 ,-2 ,0 ,0 ,0 ,0 | 0 
0 ,0 ,0 ,0 ,91 ,0 ,0 ,-91 | 0 
0 ,0 ,0 ,0 ,0 ,-380/91 ,0 ,380/91 | 0 
0 ,0 ,0 ,0 ,0 ,0 ,77/95 ,-77/95 | 0 
0 ,0 ,0 ,0 ,0 ,0 ,-413/190 ,413/190 | 0 

R8 --> R8 + 59/22*R7

1 ,0 ,0 ,0 ,0 ,0 ,0 ,0 | 0 
0 ,-1 ,0 ,0 ,0 ,0 ,0 ,1 | 0 
0 ,0 ,-1 ,0 ,0 ,0 ,0 ,0 | 0 
0 ,0 ,0 ,-2 ,0 ,0 ,0 ,0 | 0 
0 ,0 ,0 ,0 ,91 ,0 ,0 ,-91 | 0 
0 ,0 ,0 ,0 ,0 ,-380/91 ,0 ,380/91 | 0 
0 ,0 ,0 ,0 ,0 ,0 ,77/95 ,-77/95 | 0 
0 ,0 ,0 ,0 ,0 ,0 ,0 ,0 | 0 

define new column in b when x8 is free variable in R8:
1 ,0 ,0 ,0 ,0 ,0 ,0 ,0 | 0 ,0 
0 ,-1 ,0 ,0 ,0 ,0 ,0 ,1 | 0 ,0 
0 ,0 ,-1 ,0 ,0 ,0 ,0 ,0 | 0 ,0 
0 ,0 ,0 ,-2 ,0 ,0 ,0 ,0 | 0 ,0 
0 ,0 ,0 ,0 ,91 ,0 ,0 ,-91 | 0 ,0 
0 ,0 ,0 ,0 ,0 ,-380/91 ,0 ,380/91 | 0 ,0 
0 ,0 ,0 ,0 ,0 ,0 ,77/95 ,-77/95 | 0 ,0 
0 ,0 ,0 ,0 ,0 ,0 ,0 ,1 | 0 ,1 

R1 --> R1 - 1/2032639*R8

1 ,0 ,0 ,0 ,0 ,0 ,0 ,0 | 0 ,0 
0 ,-1 ,0 ,0 ,0 ,0 ,0 ,1 | 0 ,0 
0 ,0 ,-1 ,0 ,0 ,0 ,0 ,0 | 0 ,0 
0 ,0 ,0 ,-2 ,0 ,0 ,0 ,0 | 0 ,0 
0 ,0 ,0 ,0 ,91 ,0 ,0 ,-91 | 0 ,0 
0 ,0 ,0 ,0 ,0 ,-380/91 ,0 ,380/91 | 0 ,0 
0 ,0 ,0 ,0 ,0 ,0 ,77/95 ,-77/95 | 0 ,0 
0 ,0 ,0 ,0 ,0 ,0 ,0 ,1 | 0 ,1 

R2 --> R2 - R8

1 ,0 ,0 ,0 ,0 ,0 ,0 ,0 | 0 ,0 
0 ,-1 ,0 ,0 ,0 ,0 ,0 ,0 | 0 ,-1 
0 ,0 ,-1 ,0 ,0 ,0 ,0 ,0 | 0 ,0 
0 ,0 ,0 ,-2 ,0 ,0 ,0 ,0 | 0 ,0 
0 ,0 ,0 ,0 ,91 ,0 ,0 ,-91 | 0 ,0 
0 ,0 ,0 ,0 ,0 ,-380/91 ,0 ,380/91 | 0 ,0 
0 ,0 ,0 ,0 ,0 ,0 ,77/95 ,-77/95 | 0 ,0 
0 ,0 ,0 ,0 ,0 ,0 ,0 ,1 | 0 ,1 

R2 --> - R2

1 ,0 ,0 ,0 ,0 ,0 ,0 ,0 | 0 ,0 
0 ,1 ,0 ,0 ,0 ,0 ,0 ,0 | 0 ,1 
0 ,0 ,-1 ,0 ,0 ,0 ,0 ,0 | 0 ,0 
0 ,0 ,0 ,-2 ,0 ,0 ,0 ,0 | 0 ,0 
0 ,0 ,0 ,0 ,91 ,0 ,0 ,-91 | 0 ,0 
0 ,0 ,0 ,0 ,0 ,-380/91 ,0 ,380/91 | 0 ,0 
0 ,0 ,0 ,0 ,0 ,0 ,77/95 ,-77/95 | 0 ,0 
0 ,0 ,0 ,0 ,0 ,0 ,0 ,1 | 0 ,1 

R3 --> R3 + 1/4194304*R8

1 ,0 ,0 ,0 ,0 ,0 ,0 ,0 | 0 ,0 
0 ,1 ,0 ,0 ,0 ,0 ,0 ,0 | 0 ,1 
0 ,0 ,-1 ,0 ,0 ,0 ,0 ,0 | 0 ,0 
0 ,0 ,0 ,-2 ,0 ,0 ,0 ,0 | 0 ,0 
0 ,0 ,0 ,0 ,91 ,0 ,0 ,-91 | 0 ,0 
0 ,0 ,0 ,0 ,0 ,-380/91 ,0 ,380/91 | 0 ,0 
0 ,0 ,0 ,0 ,0 ,0 ,77/95 ,-77/95 | 0 ,0 
0 ,0 ,0 ,0 ,0 ,0 ,0 ,1 | 0 ,1 

R3 --> - R3

1 ,0 ,0 ,0 ,0 ,0 ,0 ,0 | 0 ,0 
0 ,1 ,0 ,0 ,0 ,0 ,0 ,0 | 0 ,1 
0 ,0 ,1 ,0 ,0 ,0 ,0 ,0 | 0 ,0 
0 ,0 ,0 ,-2 ,0 ,0 ,0 ,0 | 0 ,0 
0 ,0 ,0 ,0 ,91 ,0 ,0 ,-91 | 0 ,0 
0 ,0 ,0 ,0 ,0 ,-380/91 ,0 ,380/91 | 0 ,0 
0 ,0 ,0 ,0 ,0 ,0 ,77/95 ,-77/95 | 0 ,0 
0 ,0 ,0 ,0 ,0 ,0 ,0 ,1 | 0 ,1 

R4 --> R4 + 1/33554432*R8

1 ,0 ,0 ,0 ,0 ,0 ,0 ,0 | 0 ,0 
0 ,1 ,0 ,0 ,0 ,0 ,0 ,0 | 0 ,1 
0 ,0 ,1 ,0 ,0 ,0 ,0 ,0 | 0 ,0 
0 ,0 ,0 ,-2 ,0 ,0 ,0 ,0 | 0 ,0 
0 ,0 ,0 ,0 ,91 ,0 ,0 ,-91 | 0 ,0 
0 ,0 ,0 ,0 ,0 ,-380/91 ,0 ,380/91 | 0 ,0 
0 ,0 ,0 ,0 ,0 ,0 ,77/95 ,-77/95 | 0 ,0 
0 ,0 ,0 ,0 ,0 ,0 ,0 ,1 | 0 ,1 

R4 --> -1/2*R4

1 ,0 ,0 ,0 ,0 ,0 ,0 ,0 | 0 ,0 
0 ,1 ,0 ,0 ,0 ,0 ,0 ,0 | 0 ,1 
0 ,0 ,1 ,0 ,0 ,0 ,0 ,0 | 0 ,0 
0 ,0 ,0 ,1 ,0 ,0 ,0 ,0 | 0 ,0 
0 ,0 ,0 ,0 ,91 ,0 ,0 ,-91 | 0 ,0 
0 ,0 ,0 ,0 ,0 ,-380/91 ,0 ,380/91 | 0 ,0 
0 ,0 ,0 ,0 ,0 ,0 ,77/95 ,-77/95 | 0 ,0 
0 ,0 ,0 ,0 ,0 ,0 ,0 ,1 | 0 ,1 

R5 --> R5 + 91*R8

1 ,0 ,0 ,0 ,0 ,0 ,0 ,0 | 0 ,0 
0 ,1 ,0 ,0 ,0 ,0 ,0 ,0 | 0 ,1 
0 ,0 ,1 ,0 ,0 ,0 ,0 ,0 | 0 ,0 
0 ,0 ,0 ,1 ,0 ,0 ,0 ,0 | 0 ,0 
0 ,0 ,0 ,0 ,91 ,0 ,0 ,0 | 0 ,91 
0 ,0 ,0 ,0 ,0 ,-380/91 ,0 ,380/91 | 0 ,0 
0 ,0 ,0 ,0 ,0 ,0 ,77/95 ,-77/95 | 0 ,0 
0 ,0 ,0 ,0 ,0 ,0 ,0 ,1 | 0 ,1 

R5 --> 1/91*R5

1 ,0 ,0 ,0 ,0 ,0 ,0 ,0 | 0 ,0 
0 ,1 ,0 ,0 ,0 ,0 ,0 ,0 | 0 ,1 
0 ,0 ,1 ,0 ,0 ,0 ,0 ,0 | 0 ,0 
0 ,0 ,0 ,1 ,0 ,0 ,0 ,0 | 0 ,0 
0 ,0 ,0 ,0 ,1 ,0 ,0 ,0 | 0 ,1 
0 ,0 ,0 ,0 ,0 ,-380/91 ,0 ,380/91 | 0 ,0 
0 ,0 ,0 ,0 ,0 ,0 ,77/95 ,-77/95 | 0 ,0 
0 ,0 ,0 ,0 ,0 ,0 ,0 ,1 | 0 ,1 

R6 --> R6 - 380/91*R8

1 ,0 ,0 ,0 ,0 ,0 ,0 ,0 | 0 ,0 
0 ,1 ,0 ,0 ,0 ,0 ,0 ,0 | 0 ,1 
0 ,0 ,1 ,0 ,0 ,0 ,0 ,0 | 0 ,0 
0 ,0 ,0 ,1 ,0 ,0 ,0 ,0 | 0 ,0 
0 ,0 ,0 ,0 ,1 ,0 ,0 ,0 | 0 ,1 
0 ,0 ,0 ,0 ,0 ,-380/91 ,0 ,0 | 0 ,-380/91 
0 ,0 ,0 ,0 ,0 ,0 ,77/95 ,-77/95 | 0 ,0 
0 ,0 ,0 ,0 ,0 ,0 ,0 ,1 | 0 ,1 

R6 --> -91/380*R6

1 ,0 ,0 ,0 ,0 ,0 ,0 ,0 | 0 ,0 
0 ,1 ,0 ,0 ,0 ,0 ,0 ,0 | 0 ,1 
0 ,0 ,1 ,0 ,0 ,0 ,0 ,0 | 0 ,0 
0 ,0 ,0 ,1 ,0 ,0 ,0 ,0 | 0 ,0 
0 ,0 ,0 ,0 ,1 ,0 ,0 ,0 | 0 ,1 
0 ,0 ,0 ,0 ,0 ,1 ,0 ,0 | 0 ,1 
0 ,0 ,0 ,0 ,0 ,0 ,77/95 ,-77/95 | 0 ,0 
0 ,0 ,0 ,0 ,0 ,0 ,0 ,1 | 0 ,1 

R7 --> R7 + 77/95*R8

1 ,0 ,0 ,0 ,0 ,0 ,0 ,0 | 0 ,0 
0 ,1 ,0 ,0 ,0 ,0 ,0 ,0 | 0 ,1 
0 ,0 ,1 ,0 ,0 ,0 ,0 ,0 | 0 ,0 
0 ,0 ,0 ,1 ,0 ,0 ,0 ,0 | 0 ,0 
0 ,0 ,0 ,0 ,1 ,0 ,0 ,0 | 0 ,1 
0 ,0 ,0 ,0 ,0 ,1 ,0 ,0 | 0 ,1 
0 ,0 ,0 ,0 ,0 ,0 ,77/95 ,0 | 0 ,77/95 
0 ,0 ,0 ,0 ,0 ,0 ,0 ,1 | 0 ,1 

R7 --> 95/77*R7

1 ,0 ,0 ,0 ,0 ,0 ,0 ,0 | 0 ,0 
0 ,1 ,0 ,0 ,0 ,0 ,0 ,0 | 0 ,1 
0 ,0 ,1 ,0 ,0 ,0 ,0 ,0 | 0 ,0 
0 ,0 ,0 ,1 ,0 ,0 ,0 ,0 | 0 ,0 
0 ,0 ,0 ,0 ,1 ,0 ,0 ,0 | 0 ,1 
0 ,0 ,0 ,0 ,0 ,1 ,0 ,0 | 0 ,1 
0 ,0 ,0 ,0 ,0 ,0 ,1 ,0 | 0 ,1 
0 ,0 ,0 ,0 ,0 ,0 ,0 ,1 | 0 ,1 

solution is infinite set of vectors that linear dependent in line: x = λ*( 0 , 1 , 0 , 0 , 1 , 1 , 1 , 1 )

########################################################################################################################################
Solve The Next System Under Space R8:
- 2*x1 - x3 + x4 - x6 - x7 + 3*x8 = 0
  2*x1 - 3*x2 + 3*x3 - x4 + 3*x6 + 2*x7 + 2*x8 = 0
  2*x2 - 2*x3 - 3*x4 + 3*x6 - 3*x7 + 2*x8 = 0
  3*x1 - 3*x2 - 3*x3 + x6 - x8 = 0
  x1 + 3*x4 - x6 - 3*x7 + 3*x8 = 0
- 3*x1 - 3*x2 + x3 + 2*x6 + 2*x7 = 0
  3*x1 + 3*x2 + x4 - 2*x6 + 3*x8 = 0
- 2*x1 + 3*x2 + 2*x4 + 2*x6 + 2*x7 - 2*x8 = 0

-2 ,0 ,-1 ,1 ,0 ,-1 ,-1 ,3 | 0 
2 ,-3 ,3 ,-1 ,0 ,3 ,2 ,2 | 0 
0 ,2 ,-2 ,-3 ,0 ,3 ,-3 ,2 | 0 
3 ,-3 ,-3 ,0 ,0 ,1 ,0 ,-1 | 0 
1 ,0 ,0 ,3 ,0 ,-1 ,-3 ,3 | 0 
-3 ,-3 ,1 ,0 ,0 ,2 ,2 ,0 | 0 
3 ,3 ,0 ,1 ,0 ,-2 ,0 ,3 | 0 
-2 ,3 ,0 ,2 ,0 ,2 ,2 ,-2 | 0 

R2 --> R2 + R1

-2 ,0 ,-1 ,1 ,0 ,-1 ,-1 ,3 | 0 
0 ,-3 ,2 ,0 ,0 ,2 ,1 ,5 | 0 
0 ,2 ,-2 ,-3 ,0 ,3 ,-3 ,2 | 0 
3 ,-3 ,-3 ,0 ,0 ,1 ,0 ,-1 | 0 
1 ,0 ,0 ,3 ,0 ,-1 ,-3 ,3 | 0 
-3 ,-3 ,1 ,0 ,0 ,2 ,2 ,0 | 0 
3 ,3 ,0 ,1 ,0 ,-2 ,0 ,3 | 0 
-2 ,3 ,0 ,2 ,0 ,2 ,2 ,-2 | 0 

R4 --> R4 + 3/2*R1

-2 ,0 ,-1 ,1 ,0 ,-1 ,-1 ,3 | 0 
0 ,-3 ,2 ,0 ,0 ,2 ,1 ,5 | 0 
0 ,2 ,-2 ,-3 ,0 ,3 ,-3 ,2 | 0 
0 ,-3 ,-9/2 ,3/2 ,0 ,-1/2 ,-3/2 ,7/2 | 0 
1 ,0 ,0 ,3 ,0 ,-1 ,-3 ,3 | 0 
-3 ,-3 ,1 ,0 ,0 ,2 ,2 ,0 | 0 
3 ,3 ,0 ,1 ,0 ,-2 ,0 ,3 | 0 
-2 ,3 ,0 ,2 ,0 ,2 ,2 ,-2 | 0 

R5 --> R5 + 1/2*R1

-2 ,0 ,-1 ,1 ,0 ,-1 ,-1 ,3 | 0 
0 ,-3 ,2 ,0 ,0 ,2 ,1 ,5 | 0 
0 ,2 ,-2 ,-3 ,0 ,3 ,-3 ,2 | 0 
0 ,-3 ,-9/2 ,3/2 ,0 ,-1/2 ,-3/2 ,7/2 | 0 
0 ,0 ,-1/2 ,7/2 ,0 ,-3/2 ,-7/2 ,9/2 | 0 
-3 ,-3 ,1 ,0 ,0 ,2 ,2 ,0 | 0 
3 ,3 ,0 ,1 ,0 ,-2 ,0 ,3 | 0 
-2 ,3 ,0 ,2 ,0 ,2 ,2 ,-2 | 0 

R6 --> R6 - 3/2*R1

-2 ,0 ,-1 ,1 ,0 ,-1 ,-1 ,3 | 0 
0 ,-3 ,2 ,0 ,0 ,2 ,1 ,5 | 0 
0 ,2 ,-2 ,-3 ,0 ,3 ,-3 ,2 | 0 
0 ,-3 ,-9/2 ,3/2 ,0 ,-1/2 ,-3/2 ,7/2 | 0 
0 ,0 ,-1/2 ,7/2 ,0 ,-3/2 ,-7/2 ,9/2 | 0 
0 ,-3 ,5/2 ,-3/2 ,0 ,7/2 ,7/2 ,-9/2 | 0 
3 ,3 ,0 ,1 ,0 ,-2 ,0 ,3 | 0 
-2 ,3 ,0 ,2 ,0 ,2 ,2 ,-2 | 0 

R7 --> R7 + 3/2*R1

-2 ,0 ,-1 ,1 ,0 ,-1 ,-1 ,3 | 0 
0 ,-3 ,2 ,0 ,0 ,2 ,1 ,5 | 0 
0 ,2 ,-2 ,-3 ,0 ,3 ,-3 ,2 | 0 
0 ,-3 ,-9/2 ,3/2 ,0 ,-1/2 ,-3/2 ,7/2 | 0 
0 ,0 ,-1/2 ,7/2 ,0 ,-3/2 ,-7/2 ,9/2 | 0 
0 ,-3 ,5/2 ,-3/2 ,0 ,7/2 ,7/2 ,-9/2 | 0 
0 ,3 ,-3/2 ,5/2 ,0 ,-7/2 ,-3/2 ,15/2 | 0 
-2 ,3 ,0 ,2 ,0 ,2 ,2 ,-2 | 0 

R8 --> R8 - R1

-2 ,0 ,-1 ,1 ,0 ,-1 ,-1 ,3 | 0 
0 ,-3 ,2 ,0 ,0 ,2 ,1 ,5 | 0 
0 ,2 ,-2 ,-3 ,0 ,3 ,-3 ,2 | 0 
0 ,-3 ,-9/2 ,3/2 ,0 ,-1/2 ,-3/2 ,7/2 | 0 
0 ,0 ,-1/2 ,7/2 ,0 ,-3/2 ,-7/2 ,9/2 | 0 
0 ,-3 ,5/2 ,-3/2 ,0 ,7/2 ,7/2 ,-9/2 | 0 
0 ,3 ,-3/2 ,5/2 ,0 ,-7/2 ,-3/2 ,15/2 | 0 
0 ,3 ,1 ,1 ,0 ,3 ,3 ,-5 | 0 

R3 --> R3 + 2/3*R2

-2 ,0 ,-1 ,1 ,0 ,-1 ,-1 ,3 | 0 
0 ,-3 ,2 ,0 ,0 ,2 ,1 ,5 | 0 
0 ,0 ,-2/3 ,-3 ,0 ,13/3 ,-7/3 ,16/3 | 0 
0 ,-3 ,-9/2 ,3/2 ,0 ,-1/2 ,-3/2 ,7/2 | 0 
0 ,0 ,-1/2 ,7/2 ,0 ,-3/2 ,-7/2 ,9/2 | 0 
0 ,-3 ,5/2 ,-3/2 ,0 ,7/2 ,7/2 ,-9/2 | 0 
0 ,3 ,-3/2 ,5/2 ,0 ,-7/2 ,-3/2 ,15/2 | 0 
0 ,3 ,1 ,1 ,0 ,3 ,3 ,-5 | 0 

R4 --> R4 - R2

-2 ,0 ,-1 ,1 ,0 ,-1 ,-1 ,3 | 0 
0 ,-3 ,2 ,0 ,0 ,2 ,1 ,5 | 0 
0 ,0 ,-2/3 ,-3 ,0 ,13/3 ,-7/3 ,16/3 | 0 
0 ,0 ,-13/2 ,3/2 ,0 ,-5/2 ,-5/2 ,-3/2 | 0 
0 ,0 ,-1/2 ,7/2 ,0 ,-3/2 ,-7/2 ,9/2 | 0 
0 ,-3 ,5/2 ,-3/2 ,0 ,7/2 ,7/2 ,-9/2 | 0 
0 ,3 ,-3/2 ,5/2 ,0 ,-7/2 ,-3/2 ,15/2 | 0 
0 ,3 ,1 ,1 ,0 ,3 ,3 ,-5 | 0 

R6 --> R6 - R2

-2 ,0 ,-1 ,1 ,0 ,-1 ,-1 ,3 | 0 
0 ,-3 ,2 ,0 ,0 ,2 ,1 ,5 | 0 
0 ,0 ,-2/3 ,-3 ,0 ,13/3 ,-7/3 ,16/3 | 0 
0 ,0 ,-13/2 ,3/2 ,0 ,-5/2 ,-5/2 ,-3/2 | 0 
0 ,0 ,-1/2 ,7/2 ,0 ,-3/2 ,-7/2 ,9/2 | 0 
0 ,0 ,1/2 ,-3/2 ,0 ,3/2 ,5/2 ,-19/2 | 0 
0 ,3 ,-3/2 ,5/2 ,0 ,-7/2 ,-3/2 ,15/2 | 0 
0 ,3 ,1 ,1 ,0 ,3 ,3 ,-5 | 0 

R7 --> R7 + R2

-2 ,0 ,-1 ,1 ,0 ,-1 ,-1 ,3 | 0 
0 ,-3 ,2 ,0 ,0 ,2 ,1 ,5 | 0 
0 ,0 ,-2/3 ,-3 ,0 ,13/3 ,-7/3 ,16/3 | 0 
0 ,0 ,-13/2 ,3/2 ,0 ,-5/2 ,-5/2 ,-3/2 | 0 
0 ,0 ,-1/2 ,7/2 ,0 ,-3/2 ,-7/2 ,9/2 | 0 
0 ,0 ,1/2 ,-3/2 ,0 ,3/2 ,5/2 ,-19/2 | 0 
0 ,0 ,1/2 ,5/2 ,0 ,-3/2 ,-1/2 ,25/2 | 0 
0 ,3 ,1 ,1 ,0 ,3 ,3 ,-5 | 0 

R8 --> R8 + R2

-2 ,0 ,-1 ,1 ,0 ,-1 ,-1 ,3 | 0 
0 ,-3 ,2 ,0 ,0 ,2 ,1 ,5 | 0 
0 ,0 ,-2/3 ,-3 ,0 ,13/3 ,-7/3 ,16/3 | 0 
0 ,0 ,-13/2 ,3/2 ,0 ,-5/2 ,-5/2 ,-3/2 | 0 
0 ,0 ,-1/2 ,7/2 ,0 ,-3/2 ,-7/2 ,9/2 | 0 
0 ,0 ,1/2 ,-3/2 ,0 ,3/2 ,5/2 ,-19/2 | 0 
0 ,0 ,1/2 ,5/2 ,0 ,-3/2 ,-1/2 ,25/2 | 0 
0 ,0 ,3 ,1 ,0 ,5 ,4 ,0 | 0 

R1 --> R1 - 3/2*R3

-2 ,0 ,0 ,11/2 ,0 ,-15/2 ,5/2 ,-5 | 0 
0 ,-3 ,2 ,0 ,0 ,2 ,1 ,5 | 0 
0 ,0 ,-2/3 ,-3 ,0 ,13/3 ,-7/3 ,16/3 | 0 
0 ,0 ,-13/2 ,3/2 ,0 ,-5/2 ,-5/2 ,-3/2 | 0 
0 ,0 ,-1/2 ,7/2 ,0 ,-3/2 ,-7/2 ,9/2 | 0 
0 ,0 ,1/2 ,-3/2 ,0 ,3/2 ,5/2 ,-19/2 | 0 
0 ,0 ,1/2 ,5/2 ,0 ,-3/2 ,-1/2 ,25/2 | 0 
0 ,0 ,3 ,1 ,0 ,5 ,4 ,0 | 0 

R2 --> R2 + 3*R3

-2 ,0 ,0 ,11/2 ,0 ,-15/2 ,5/2 ,-5 | 0 
0 ,-3 ,0 ,-9 ,0 ,15 ,-6 ,21 | 0 
0 ,0 ,-2/3 ,-3 ,0 ,13/3 ,-7/3 ,16/3 | 0 
0 ,0 ,-13/2 ,3/2 ,0 ,-5/2 ,-5/2 ,-3/2 | 0 
0 ,0 ,-1/2 ,7/2 ,0 ,-3/2 ,-7/2 ,9/2 | 0 
0 ,0 ,1/2 ,-3/2 ,0 ,3/2 ,5/2 ,-19/2 | 0 
0 ,0 ,1/2 ,5/2 ,0 ,-3/2 ,-1/2 ,25/2 | 0 
0 ,0 ,3 ,1 ,0 ,5 ,4 ,0 | 0 

R4 --> R4 - 39/4*R3

-2 ,0 ,0 ,11/2 ,0 ,-15/2 ,5/2 ,-5 | 0 
0 ,-3 ,0 ,-9 ,0 ,15 ,-6 ,21 | 0 
0 ,0 ,-2/3 ,-3 ,0 ,13/3 ,-7/3 ,16/3 | 0 
0 ,0 ,0 ,123/4 ,0 ,-179/4 ,81/4 ,-107/2 | 0 
0 ,0 ,-1/2 ,7/2 ,0 ,-3/2 ,-7/2 ,9/2 | 0 
0 ,0 ,1/2 ,-3/2 ,0 ,3/2 ,5/2 ,-19/2 | 0 
0 ,0 ,1/2 ,5/2 ,0 ,-3/2 ,-1/2 ,25/2 | 0 
0 ,0 ,3 ,1 ,0 ,5 ,4 ,0 | 0 

R5 --> R5 - 3/4*R3

-2 ,0 ,0 ,11/2 ,0 ,-15/2 ,5/2 ,-5 | 0 
0 ,-3 ,0 ,-9 ,0 ,15 ,-6 ,21 | 0 
0 ,0 ,-2/3 ,-3 ,0 ,13/3 ,-7/3 ,16/3 | 0 
0 ,0 ,0 ,123/4 ,0 ,-179/4 ,81/4 ,-107/2 | 0 
0 ,0 ,0 ,23/4 ,0 ,-19/4 ,-7/4 ,1/2 | 0 
0 ,0 ,1/2 ,-3/2 ,0 ,3/2 ,5/2 ,-19/2 | 0 
0 ,0 ,1/2 ,5/2 ,0 ,-3/2 ,-1/2 ,25/2 | 0 
0 ,0 ,3 ,1 ,0 ,5 ,4 ,0 | 0 

R6 --> R6 + 3/4*R3

-2 ,0 ,0 ,11/2 ,0 ,-15/2 ,5/2 ,-5 | 0 
0 ,-3 ,0 ,-9 ,0 ,15 ,-6 ,21 | 0 
0 ,0 ,-2/3 ,-3 ,0 ,13/3 ,-7/3 ,16/3 | 0 
0 ,0 ,0 ,123/4 ,0 ,-179/4 ,81/4 ,-107/2 | 0 
0 ,0 ,0 ,23/4 ,0 ,-19/4 ,-7/4 ,1/2 | 0 
0 ,0 ,0 ,-15/4 ,0 ,19/4 ,3/4 ,-11/2 | 0 
0 ,0 ,1/2 ,5/2 ,0 ,-3/2 ,-1/2 ,25/2 | 0 
0 ,0 ,3 ,1 ,0 ,5 ,4 ,0 | 0 

R7 --> R7 + 3/4*R3

-2 ,0 ,0 ,11/2 ,0 ,-15/2 ,5/2 ,-5 | 0 
0 ,-3 ,0 ,-9 ,0 ,15 ,-6 ,21 | 0 
0 ,0 ,-2/3 ,-3 ,0 ,13/3 ,-7/3 ,16/3 | 0 
0 ,0 ,0 ,123/4 ,0 ,-179/4 ,81/4 ,-107/2 | 0 
0 ,0 ,0 ,23/4 ,0 ,-19/4 ,-7/4 ,1/2 | 0 
0 ,0 ,0 ,-15/4 ,0 ,19/4 ,3/4 ,-11/2 | 0 
0 ,0 ,0 ,1/4 ,0 ,7/4 ,-9/4 ,33/2 | 0 
0 ,0 ,3 ,1 ,0 ,5 ,4 ,0 | 0 

R8 --> R8 + 9/2*R3

-2 ,0 ,0 ,11/2 ,0 ,-15/2 ,5/2 ,-5 | 0 
0 ,-3 ,0 ,-9 ,0 ,15 ,-6 ,21 | 0 
0 ,0 ,-2/3 ,-3 ,0 ,13/3 ,-7/3 ,16/3 | 0 
0 ,0 ,0 ,123/4 ,0 ,-179/4 ,81/4 ,-107/2 | 0 
0 ,0 ,0 ,23/4 ,0 ,-19/4 ,-7/4 ,1/2 | 0 
0 ,0 ,0 ,-15/4 ,0 ,19/4 ,3/4 ,-11/2 | 0 
0 ,0 ,0 ,1/4 ,0 ,7/4 ,-9/4 ,33/2 | 0 
0 ,0 ,0 ,-25/2 ,0 ,49/2 ,-13/2 ,24 | 0 

R1 --> R1 - 22/123*R4

-2 ,0 ,0 ,0 ,0 ,62/123 ,-46/41 ,562/123 | 0 
0 ,-3 ,0 ,-9 ,0 ,15 ,-6 ,21 | 0 
0 ,0 ,-2/3 ,-3 ,0 ,13/3 ,-7/3 ,16/3 | 0 
0 ,0 ,0 ,123/4 ,0 ,-179/4 ,81/4 ,-107/2 | 0 
0 ,0 ,0 ,23/4 ,0 ,-19/4 ,-7/4 ,1/2 | 0 
0 ,0 ,0 ,-15/4 ,0 ,19/4 ,3/4 ,-11/2 | 0 
0 ,0 ,0 ,1/4 ,0 ,7/4 ,-9/4 ,33/2 | 0 
0 ,0 ,0 ,-25/2 ,0 ,49/2 ,-13/2 ,24 | 0 

R2 --> R2 + 12/41*R4

-2 ,0 ,0 ,0 ,0 ,62/123 ,-46/41 ,562/123 | 0 
0 ,-3 ,0 ,0 ,0 ,78/41 ,-3/41 ,219/41 | 0 
0 ,0 ,-2/3 ,-3 ,0 ,13/3 ,-7/3 ,16/3 | 0 
0 ,0 ,0 ,123/4 ,0 ,-179/4 ,81/4 ,-107/2 | 0 
0 ,0 ,0 ,23/4 ,0 ,-19/4 ,-7/4 ,1/2 | 0 
0 ,0 ,0 ,-15/4 ,0 ,19/4 ,3/4 ,-11/2 | 0 
0 ,0 ,0 ,1/4 ,0 ,7/4 ,-9/4 ,33/2 | 0 
0 ,0 ,0 ,-25/2 ,0 ,49/2 ,-13/2 ,24 | 0 

R3 --> R3 + 4/41*R4

-2 ,0 ,0 ,0 ,0 ,62/123 ,-46/41 ,562/123 | 0 
0 ,-3 ,0 ,0 ,0 ,78/41 ,-3/41 ,219/41 | 0 
0 ,0 ,-2/3 ,0 ,0 ,-517/15898 ,-44/123 ,14/123 | 0 
0 ,0 ,0 ,123/4 ,0 ,-179/4 ,81/4 ,-107/2 | 0 
0 ,0 ,0 ,23/4 ,0 ,-19/4 ,-7/4 ,1/2 | 0 
0 ,0 ,0 ,-15/4 ,0 ,19/4 ,3/4 ,-11/2 | 0 
0 ,0 ,0 ,1/4 ,0 ,7/4 ,-9/4 ,33/2 | 0 
0 ,0 ,0 ,-25/2 ,0 ,49/2 ,-13/2 ,24 | 0 

R5 --> R5 - 23/123*R4

-2 ,0 ,0 ,0 ,0 ,62/123 ,-46/41 ,562/123 | 0 
0 ,-3 ,0 ,0 ,0 ,78/41 ,-3/41 ,219/41 | 0 
0 ,0 ,-2/3 ,0 ,0 ,-517/15898 ,-44/123 ,14/123 | 0 
0 ,0 ,0 ,123/4 ,0 ,-179/4 ,81/4 ,-107/2 | 0 
0 ,0 ,0 ,0 ,0 ,445/123 ,-227/41 ,1292/123 | 0 
0 ,0 ,0 ,-15/4 ,0 ,19/4 ,3/4 ,-11/2 | 0 
0 ,0 ,0 ,1/4 ,0 ,7/4 ,-9/4 ,33/2 | 0 
0 ,0 ,0 ,-25/2 ,0 ,49/2 ,-13/2 ,24 | 0 

R6 --> R6 + 5/41*R4

-2 ,0 ,0 ,0 ,0 ,62/123 ,-46/41 ,562/123 | 0 
0 ,-3 ,0 ,0 ,0 ,78/41 ,-3/41 ,219/41 | 0 
0 ,0 ,-2/3 ,0 ,0 ,-517/15898 ,-44/123 ,14/123 | 0 
0 ,0 ,0 ,123/4 ,0 ,-179/4 ,81/4 ,-107/2 | 0 
0 ,0 ,0 ,0 ,0 ,445/123 ,-227/41 ,1292/123 | 0 
0 ,0 ,0 ,0 ,0 ,-29/41 ,132/41 ,-493/41 | 0 
0 ,0 ,0 ,1/4 ,0 ,7/4 ,-9/4 ,33/2 | 0 
0 ,0 ,0 ,-25/2 ,0 ,49/2 ,-13/2 ,24 | 0 

R7 --> R7 - 1/123*R4

-2 ,0 ,0 ,0 ,0 ,62/123 ,-46/41 ,562/123 | 0 
0 ,-3 ,0 ,0 ,0 ,78/41 ,-3/41 ,219/41 | 0 
0 ,0 ,-2/3 ,0 ,0 ,-517/15898 ,-44/123 ,14/123 | 0 
0 ,0 ,0 ,123/4 ,0 ,-179/4 ,81/4 ,-107/2 | 0 
0 ,0 ,0 ,0 ,0 ,445/123 ,-227/41 ,1292/123 | 0 
0 ,0 ,0 ,0 ,0 ,-29/41 ,132/41 ,-493/41 | 0 
0 ,0 ,0 ,0 ,0 ,260/123 ,-99/41 ,1304/77 | 0 
0 ,0 ,0 ,-25/2 ,0 ,49/2 ,-13/2 ,24 | 0 

R8 --> R8 + 50/123*R4

-2 ,0 ,0 ,0 ,0 ,62/123 ,-46/41 ,562/123 | 0 
0 ,-3 ,0 ,0 ,0 ,78/41 ,-3/41 ,219/41 | 0 
0 ,0 ,-2/3 ,0 ,0 ,-517/15898 ,-44/123 ,14/123 | 0 
0 ,0 ,0 ,123/4 ,0 ,-179/4 ,81/4 ,-107/2 | 0 
0 ,0 ,0 ,0 ,0 ,445/123 ,-227/41 ,1292/123 | 0 
0 ,0 ,0 ,0 ,0 ,-29/41 ,132/41 ,-493/41 | 0 
0 ,0 ,0 ,0 ,0 ,260/123 ,-99/41 ,1304/77 | 0 
0 ,0 ,0 ,0 ,0 ,776/123 ,71/41 ,277/123 | 0 

R1 --> R1 + 62/87*R6

-2 ,0 ,0 ,0 ,0 ,0 ,34/29 ,-4 | 0 
0 ,-3 ,0 ,0 ,0 ,78/41 ,-3/41 ,219/41 | 0 
0 ,0 ,-2/3 ,0 ,0 ,-517/15898 ,-44/123 ,14/123 | 0 
0 ,0 ,0 ,123/4 ,0 ,-179/4 ,81/4 ,-107/2 | 0 
0 ,0 ,0 ,0 ,0 ,445/123 ,-227/41 ,1292/123 | 0 
0 ,0 ,0 ,0 ,0 ,-29/41 ,132/41 ,-493/41 | 0 
0 ,0 ,0 ,0 ,0 ,260/123 ,-99/41 ,1304/77 | 0 
0 ,0 ,0 ,0 ,0 ,776/123 ,71/41 ,277/123 | 0 

R2 --> R2 + 78/29*R6

-2 ,0 ,0 ,0 ,0 ,0 ,34/29 ,-4 | 0 
0 ,-3 ,0 ,0 ,0 ,0 ,249/29 ,-27 | 0 
0 ,0 ,-2/3 ,0 ,0 ,-517/15898 ,-44/123 ,14/123 | 0 
0 ,0 ,0 ,123/4 ,0 ,-179/4 ,81/4 ,-107/2 | 0 
0 ,0 ,0 ,0 ,0 ,445/123 ,-227/41 ,1292/123 | 0 
0 ,0 ,0 ,0 ,0 ,-29/41 ,132/41 ,-493/41 | 0 
0 ,0 ,0 ,0 ,0 ,260/123 ,-99/41 ,1304/77 | 0 
0 ,0 ,0 ,0 ,0 ,776/123 ,71/41 ,277/123 | 0 

R3 --> R3 - 745/16204*R6

-2 ,0 ,0 ,0 ,0 ,0 ,34/29 ,-4 | 0 
0 ,-3 ,0 ,0 ,0 ,0 ,249/29 ,-27 | 0 
0 ,0 ,-2/3 ,0 ,0 ,0 ,-44/87 ,25891/38837 | 0 
0 ,0 ,0 ,123/4 ,0 ,-179/4 ,81/4 ,-107/2 | 0 
0 ,0 ,0 ,0 ,0 ,445/123 ,-227/41 ,1292/123 | 0 
0 ,0 ,0 ,0 ,0 ,-29/41 ,132/41 ,-493/41 | 0 
0 ,0 ,0 ,0 ,0 ,260/123 ,-99/41 ,1304/77 | 0 
0 ,0 ,0 ,0 ,0 ,776/123 ,71/41 ,277/123 | 0 

R4 --> R4 - 949/15*R6

-2 ,0 ,0 ,0 ,0 ,0 ,34/29 ,-4 | 0 
0 ,-3 ,0 ,0 ,0 ,0 ,249/29 ,-27 | 0 
0 ,0 ,-2/3 ,0 ,0 ,0 ,-44/87 ,25891/38837 | 0 
0 ,0 ,0 ,123/4 ,0 ,0 ,-4586/25 ,2829/4 | 0 
0 ,0 ,0 ,0 ,0 ,445/123 ,-227/41 ,1292/123 | 0 
0 ,0 ,0 ,0 ,0 ,-29/41 ,132/41 ,-493/41 | 0 
0 ,0 ,0 ,0 ,0 ,260/123 ,-99/41 ,1304/77 | 0 
0 ,0 ,0 ,0 ,0 ,776/123 ,71/41 ,277/123 | 0 

R5 --> R5 + 445/87*R6

-2 ,0 ,0 ,0 ,0 ,0 ,34/29 ,-4 | 0 
0 ,-3 ,0 ,0 ,0 ,0 ,249/29 ,-27 | 0 
0 ,0 ,-2/3 ,0 ,0 ,0 ,-44/87 ,25891/38837 | 0 
0 ,0 ,0 ,123/4 ,0 ,0 ,-4586/25 ,2829/4 | 0 
0 ,0 ,0 ,0 ,0 ,0 ,317/29 ,-51 | 0 
0 ,0 ,0 ,0 ,0 ,-29/41 ,132/41 ,-493/41 | 0 
0 ,0 ,0 ,0 ,0 ,260/123 ,-99/41 ,1304/77 | 0 
0 ,0 ,0 ,0 ,0 ,776/123 ,71/41 ,277/123 | 0 

R7 --> R7 + 260/87*R6

-2 ,0 ,0 ,0 ,0 ,0 ,34/29 ,-4 | 0 
0 ,-3 ,0 ,0 ,0 ,0 ,249/29 ,-27 | 0 
0 ,0 ,-2/3 ,0 ,0 ,0 ,-44/87 ,25891/38837 | 0 
0 ,0 ,0 ,123/4 ,0 ,0 ,-4586/25 ,2829/4 | 0 
0 ,0 ,0 ,0 ,0 ,0 ,317/29 ,-51 | 0 
0 ,0 ,0 ,0 ,0 ,-29/41 ,132/41 ,-493/41 | 0 
0 ,0 ,0 ,0 ,0 ,0 ,209/29 ,-19 | 0 
0 ,0 ,0 ,0 ,0 ,776/123 ,71/41 ,277/123 | 0 

R8 --> R8 + 776/87*R6

-2 ,0 ,0 ,0 ,0 ,0 ,34/29 ,-4 | 0 
0 ,-3 ,0 ,0 ,0 ,0 ,249/29 ,-27 | 0 
0 ,0 ,-2/3 ,0 ,0 ,0 ,-44/87 ,25891/38837 | 0 
0 ,0 ,0 ,123/4 ,0 ,0 ,-4586/25 ,2829/4 | 0 
0 ,0 ,0 ,0 ,0 ,0 ,317/29 ,-51 | 0 
0 ,0 ,0 ,0 ,0 ,-29/41 ,132/41 ,-493/41 | 0 
0 ,0 ,0 ,0 ,0 ,0 ,209/29 ,-19 | 0 
0 ,0 ,0 ,0 ,0 ,0 ,883/29 ,-105 | 0 

R1 --> R1 - 34/209*R7

-2 ,0 ,0 ,0 ,0 ,0 ,0 ,-10/11 | 0 
0 ,-3 ,0 ,0 ,0 ,0 ,249/29 ,-27 | 0 
0 ,0 ,-2/3 ,0 ,0 ,0 ,-44/87 ,25891/38837 | 0 
0 ,0 ,0 ,123/4 ,0 ,0 ,-4586/25 ,2829/4 | 0 
0 ,0 ,0 ,0 ,0 ,0 ,317/29 ,-51 | 0 
0 ,0 ,0 ,0 ,0 ,-29/41 ,132/41 ,-493/41 | 0 
0 ,0 ,0 ,0 ,0 ,0 ,209/29 ,-19 | 0 
0 ,0 ,0 ,0 ,0 ,0 ,883/29 ,-105 | 0 

R2 --> R2 - 249/209*R7

-2 ,0 ,0 ,0 ,0 ,0 ,0 ,-10/11 | 0 
0 ,-3 ,0 ,0 ,0 ,0 ,0 ,-48/11 | 0 
0 ,0 ,-2/3 ,0 ,0 ,0 ,-44/87 ,25891/38837 | 0 
0 ,0 ,0 ,123/4 ,0 ,0 ,-4586/25 ,2829/4 | 0 
0 ,0 ,0 ,0 ,0 ,0 ,317/29 ,-51 | 0 
0 ,0 ,0 ,0 ,0 ,-29/41 ,132/41 ,-493/41 | 0 
0 ,0 ,0 ,0 ,0 ,0 ,209/29 ,-19 | 0 
0 ,0 ,0 ,0 ,0 ,0 ,883/29 ,-105 | 0 

R3 --> R3 + 4/57*R7

-2 ,0 ,0 ,0 ,0 ,0 ,0 ,-10/11 | 0 
0 ,-3 ,0 ,0 ,0 ,0 ,0 ,-48/11 | 0 
0 ,0 ,-2/3 ,0 ,0 ,0 ,0 ,-2/3 | 0 
0 ,0 ,0 ,123/4 ,0 ,0 ,-4586/25 ,2829/4 | 0 
0 ,0 ,0 ,0 ,0 ,0 ,317/29 ,-51 | 0 
0 ,0 ,0 ,0 ,0 ,-29/41 ,132/41 ,-493/41 | 0 
0 ,0 ,0 ,0 ,0 ,0 ,209/29 ,-19 | 0 
0 ,0 ,0 ,0 ,0 ,0 ,883/29 ,-105 | 0 

R4 --> R4 + 1909/75*R7

-2 ,0 ,0 ,0 ,0 ,0 ,0 ,-10/11 | 0 
0 ,-3 ,0 ,0 ,0 ,0 ,0 ,-48/11 | 0 
0 ,0 ,-2/3 ,0 ,0 ,0 ,0 ,-2/3 | 0 
0 ,0 ,0 ,123/4 ,0 ,0 ,0 ,2460/11 | 0 
0 ,0 ,0 ,0 ,0 ,0 ,317/29 ,-51 | 0 
0 ,0 ,0 ,0 ,0 ,-29/41 ,132/41 ,-493/41 | 0 
0 ,0 ,0 ,0 ,0 ,0 ,209/29 ,-19 | 0 
0 ,0 ,0 ,0 ,0 ,0 ,883/29 ,-105 | 0 

R5 --> R5 - 317/209*R7

-2 ,0 ,0 ,0 ,0 ,0 ,0 ,-10/11 | 0 
0 ,-3 ,0 ,0 ,0 ,0 ,0 ,-48/11 | 0 
0 ,0 ,-2/3 ,0 ,0 ,0 ,0 ,-2/3 | 0 
0 ,0 ,0 ,123/4 ,0 ,0 ,0 ,2460/11 | 0 
0 ,0 ,0 ,0 ,0 ,0 ,0 ,-244/11 | 0 
0 ,0 ,0 ,0 ,0 ,-29/41 ,132/41 ,-493/41 | 0 
0 ,0 ,0 ,0 ,0 ,0 ,209/29 ,-19 | 0 
0 ,0 ,0 ,0 ,0 ,0 ,883/29 ,-105 | 0 

R5 --> -11/244*R5

-2 ,0 ,0 ,0 ,0 ,0 ,0 ,-10/11 | 0 
0 ,-3 ,0 ,0 ,0 ,0 ,0 ,-48/11 | 0 
0 ,0 ,-2/3 ,0 ,0 ,0 ,0 ,-2/3 | 0 
0 ,0 ,0 ,123/4 ,0 ,0 ,0 ,2460/11 | 0 
0 ,0 ,0 ,0 ,0 ,0 ,0 ,1 | 0 
0 ,0 ,0 ,0 ,0 ,-29/41 ,132/41 ,-493/41 | 0 
0 ,0 ,0 ,0 ,0 ,0 ,209/29 ,-19 | 0 
0 ,0 ,0 ,0 ,0 ,0 ,883/29 ,-105 | 0 

R6 --> R6 - 348/779*R7

-2 ,0 ,0 ,0 ,0 ,0 ,0 ,-10/11 | 0 
0 ,-3 ,0 ,0 ,0 ,0 ,0 ,-48/11 | 0 
0 ,0 ,-2/3 ,0 ,0 ,0 ,0 ,-2/3 | 0 
0 ,0 ,0 ,123/4 ,0 ,0 ,0 ,2460/11 | 0 
0 ,0 ,0 ,0 ,0 ,0 ,0 ,1 | 0 
0 ,0 ,0 ,0 ,0 ,-29/41 ,0 ,-145/41 | 0 
0 ,0 ,0 ,0 ,0 ,0 ,209/29 ,-19 | 0 
0 ,0 ,0 ,0 ,0 ,0 ,883/29 ,-105 | 0 

R8 --> R8 - 714/169*R7

-2 ,0 ,0 ,0 ,0 ,0 ,0 ,-10/11 | 0 
0 ,-3 ,0 ,0 ,0 ,0 ,0 ,-48/11 | 0 
0 ,0 ,-2/3 ,0 ,0 ,0 ,0 ,-2/3 | 0 
0 ,0 ,0 ,123/4 ,0 ,0 ,0 ,2460/11 | 0 
0 ,0 ,0 ,0 ,0 ,0 ,0 ,1 | 0 
0 ,0 ,0 ,0 ,0 ,-29/41 ,0 ,-145/41 | 0 
0 ,0 ,0 ,0 ,0 ,0 ,209/29 ,-19 | 0 
0 ,0 ,0 ,0 ,0 ,0 ,0 ,-272/11 | 0 

R8 --> -11/272*R8

-2 ,0 ,0 ,0 ,0 ,0 ,0 ,-10/11 | 0 
0 ,-3 ,0 ,0 ,0 ,0 ,0 ,-48/11 | 0 
0 ,0 ,-2/3 ,0 ,0 ,0 ,0 ,-2/3 | 0 
0 ,0 ,0 ,123/4 ,0 ,0 ,0 ,2460/11 | 0 
0 ,0 ,0 ,0 ,0 ,0 ,0 ,1 | 0 
0 ,0 ,0 ,0 ,0 ,-29/41 ,0 ,-145/41 | 0 
0 ,0 ,0 ,0 ,0 ,0 ,209/29 ,-19 | 0 
0 ,0 ,0 ,0 ,0 ,0 ,0 ,1 | 0 

R1 --> R1 + 10/11*R8

-2 ,0 ,0 ,0 ,0 ,0 ,0 ,0 | 0 
0 ,-3 ,0 ,0 ,0 ,0 ,0 ,-48/11 | 0 
0 ,0 ,-2/3 ,0 ,0 ,0 ,0 ,-2/3 | 0 
0 ,0 ,0 ,123/4 ,0 ,0 ,0 ,2460/11 | 0 
0 ,0 ,0 ,0 ,0 ,0 ,0 ,1 | 0 
0 ,0 ,0 ,0 ,0 ,-29/41 ,0 ,-145/41 | 0 
0 ,0 ,0 ,0 ,0 ,0 ,209/29 ,-19 | 0 
0 ,0 ,0 ,0 ,0 ,0 ,0 ,1 | 0 

R1 --> -1/2*R1

1 ,0 ,0 ,0 ,0 ,0 ,0 ,0 | 0 
0 ,-3 ,0 ,0 ,0 ,0 ,0 ,-48/11 | 0 
0 ,0 ,-2/3 ,0 ,0 ,0 ,0 ,-2/3 | 0 
0 ,0 ,0 ,123/4 ,0 ,0 ,0 ,2460/11 | 0 
0 ,0 ,0 ,0 ,0 ,0 ,0 ,1 | 0 
0 ,0 ,0 ,0 ,0 ,-29/41 ,0 ,-145/41 | 0 
0 ,0 ,0 ,0 ,0 ,0 ,209/29 ,-19 | 0 
0 ,0 ,0 ,0 ,0 ,0 ,0 ,1 | 0 

R2 --> R2 + 48/11*R8

1 ,0 ,0 ,0 ,0 ,0 ,0 ,0 | 0 
0 ,-3 ,0 ,0 ,0 ,0 ,0 ,0 | 0 
0 ,0 ,-2/3 ,0 ,0 ,0 ,0 ,-2/3 | 0 
0 ,0 ,0 ,123/4 ,0 ,0 ,0 ,2460/11 | 0 
0 ,0 ,0 ,0 ,0 ,0 ,0 ,1 | 0 
0 ,0 ,0 ,0 ,0 ,-29/41 ,0 ,-145/41 | 0 
0 ,0 ,0 ,0 ,0 ,0 ,209/29 ,-19 | 0 
0 ,0 ,0 ,0 ,0 ,0 ,0 ,1 | 0 

R2 --> -1/3*R2

1 ,0 ,0 ,0 ,0 ,0 ,0 ,0 | 0 
0 ,1 ,0 ,0 ,0 ,0 ,0 ,0 | 0 
0 ,0 ,-2/3 ,0 ,0 ,0 ,0 ,-2/3 | 0 
0 ,0 ,0 ,123/4 ,0 ,0 ,0 ,2460/11 | 0 
0 ,0 ,0 ,0 ,0 ,0 ,0 ,1 | 0 
0 ,0 ,0 ,0 ,0 ,-29/41 ,0 ,-145/41 | 0 
0 ,0 ,0 ,0 ,0 ,0 ,209/29 ,-19 | 0 
0 ,0 ,0 ,0 ,0 ,0 ,0 ,1 | 0 

R3 --> R3 + 2/3*R8

1 ,0 ,0 ,0 ,0 ,0 ,0 ,0 | 0 
0 ,1 ,0 ,0 ,0 ,0 ,0 ,0 | 0 
0 ,0 ,-2/3 ,0 ,0 ,0 ,0 ,0 | 0 
0 ,0 ,0 ,123/4 ,0 ,0 ,0 ,2460/11 | 0 
0 ,0 ,0 ,0 ,0 ,0 ,0 ,1 | 0 
0 ,0 ,0 ,0 ,0 ,-29/41 ,0 ,-145/41 | 0 
0 ,0 ,0 ,0 ,0 ,0 ,209/29 ,-19 | 0 
0 ,0 ,0 ,0 ,0 ,0 ,0 ,1 | 0 

R3 --> -3/2*R3

1 ,0 ,0 ,0 ,0 ,0 ,0 ,0 | 0 
0 ,1 ,0 ,0 ,0 ,0 ,0 ,0 | 0 
0 ,0 ,1 ,0 ,0 ,0 ,0 ,0 | 0 
0 ,0 ,0 ,123/4 ,0 ,0 ,0 ,2460/11 | 0 
0 ,0 ,0 ,0 ,0 ,0 ,0 ,1 | 0 
0 ,0 ,0 ,0 ,0 ,-29/41 ,0 ,-145/41 | 0 
0 ,0 ,0 ,0 ,0 ,0 ,209/29 ,-19 | 0 
0 ,0 ,0 ,0 ,0 ,0 ,0 ,1 | 0 

R4 --> R4 - 2460/11*R8

1 ,0 ,0 ,0 ,0 ,0 ,0 ,0 | 0 
0 ,1 ,0 ,0 ,0 ,0 ,0 ,0 | 0 
0 ,0 ,1 ,0 ,0 ,0 ,0 ,0 | 0 
0 ,0 ,0 ,123/4 ,0 ,0 ,0 ,0 | 0 
0 ,0 ,0 ,0 ,0 ,0 ,0 ,1 | 0 
0 ,0 ,0 ,0 ,0 ,-29/41 ,0 ,-145/41 | 0 
0 ,0 ,0 ,0 ,0 ,0 ,209/29 ,-19 | 0 
0 ,0 ,0 ,0 ,0 ,0 ,0 ,1 | 0 

R4 --> 4/123*R4

1 ,0 ,0 ,0 ,0 ,0 ,0 ,0 | 0 
0 ,1 ,0 ,0 ,0 ,0 ,0 ,0 | 0 
0 ,0 ,1 ,0 ,0 ,0 ,0 ,0 | 0 
0 ,0 ,0 ,1 ,0 ,0 ,0 ,0 | 0 
0 ,0 ,0 ,0 ,0 ,0 ,0 ,1 | 0 
0 ,0 ,0 ,0 ,0 ,-29/41 ,0 ,-145/41 | 0 
0 ,0 ,0 ,0 ,0 ,0 ,209/29 ,-19 | 0 
0 ,0 ,0 ,0 ,0 ,0 ,0 ,1 | 0 

R5 --> R5 - R8

1 ,0 ,0 ,0 ,0 ,0 ,0 ,0 | 0 
0 ,1 ,0 ,0 ,0 ,0 ,0 ,0 | 0 
0 ,0 ,1 ,0 ,0 ,0 ,0 ,0 | 0 
0 ,0 ,0 ,1 ,0 ,0 ,0 ,0 | 0 
0 ,0 ,0 ,0 ,0 ,0 ,0 ,0 | 0 
0 ,0 ,0 ,0 ,0 ,-29/41 ,0 ,-145/41 | 0 
0 ,0 ,0 ,0 ,0 ,0 ,209/29 ,-19 | 0 
0 ,0 ,0 ,0 ,0 ,0 ,0 ,1 | 0 

R6 --> R6 + 145/41*R8

1 ,0 ,0 ,0 ,0 ,0 ,0 ,0 | 0 
0 ,1 ,0 ,0 ,0 ,0 ,0 ,0 | 0 
0 ,0 ,1 ,0 ,0 ,0 ,0 ,0 | 0 
0 ,0 ,0 ,1 ,0 ,0 ,0 ,0 | 0 
0 ,0 ,0 ,0 ,0 ,0 ,0 ,0 | 0 
0 ,0 ,0 ,0 ,0 ,-29/41 ,0 ,0 | 0 
0 ,0 ,0 ,0 ,0 ,0 ,209/29 ,-19 | 0 
0 ,0 ,0 ,0 ,0 ,0 ,0 ,1 | 0 

R6 --> -41/29*R6

1 ,0 ,0 ,0 ,0 ,0 ,0 ,0 | 0 
0 ,1 ,0 ,0 ,0 ,0 ,0 ,0 | 0 
0 ,0 ,1 ,0 ,0 ,0 ,0 ,0 | 0 
0 ,0 ,0 ,1 ,0 ,0 ,0 ,0 | 0 
0 ,0 ,0 ,0 ,0 ,0 ,0 ,0 | 0 
0 ,0 ,0 ,0 ,0 ,1 ,0 ,0 | 0 
0 ,0 ,0 ,0 ,0 ,0 ,209/29 ,-19 | 0 
0 ,0 ,0 ,0 ,0 ,0 ,0 ,1 | 0 

R7 --> R7 + 19*R8

1 ,0 ,0 ,0 ,0 ,0 ,0 ,0 | 0 
0 ,1 ,0 ,0 ,0 ,0 ,0 ,0 | 0 
0 ,0 ,1 ,0 ,0 ,0 ,0 ,0 | 0 
0 ,0 ,0 ,1 ,0 ,0 ,0 ,0 | 0 
0 ,0 ,0 ,0 ,0 ,0 ,0 ,0 | 0 
0 ,0 ,0 ,0 ,0 ,1 ,0 ,0 | 0 
0 ,0 ,0 ,0 ,0 ,0 ,209/29 ,0 | 0 
0 ,0 ,0 ,0 ,0 ,0 ,0 ,1 | 0 

R7 --> 29/209*R7

1 ,0 ,0 ,0 ,0 ,0 ,0 ,0 | 0 
0 ,1 ,0 ,0 ,0 ,0 ,0 ,0 | 0 
0 ,0 ,1 ,0 ,0 ,0 ,0 ,0 | 0 
0 ,0 ,0 ,1 ,0 ,0 ,0 ,0 | 0 
0 ,0 ,0 ,0 ,0 ,0 ,0 ,0 | 0 
0 ,0 ,0 ,0 ,0 ,1 ,0 ,0 | 0 
0 ,0 ,0 ,0 ,0 ,0 ,1 ,0 | 0 
0 ,0 ,0 ,0 ,0 ,0 ,0 ,1 | 0 

define new column in b when x5 is free variable in R8:
1 ,0 ,0 ,0 ,0 ,0 ,0 ,0 | 0 ,0 
0 ,1 ,0 ,0 ,0 ,0 ,0 ,0 | 0 ,0 
0 ,0 ,1 ,0 ,0 ,0 ,0 ,0 | 0 ,0 
0 ,0 ,0 ,1 ,0 ,0 ,0 ,0 | 0 ,0 
0 ,0 ,0 ,0 ,1 ,0 ,0 ,0 | 0 ,1 
0 ,0 ,0 ,0 ,0 ,1 ,0 ,0 | 0 ,0 
0 ,0 ,0 ,0 ,0 ,0 ,1 ,0 | 0 ,0 
0 ,0 ,0 ,0 ,0 ,0 ,0 ,1 | 0 ,0 

solution is infinite set of vectors that linear dependent in line: x = λ*( 0 , 0 , 0 , 0 , 1 , 0 , 0 , 0 )

########################################################################################################################################
Solve The Next System Under Space R8:
- 2*x1 - 3*x2 + 3*x4 - 3*x5 + 4*x7 = 0
- 2*x1 - 3*x2 - 2*x3 - 3*x4 - 3*x7 = 0
  4*x1 - 4*x2 + 2*x3 - 4*x4 - 4*x5 - 4*x7 - 3*x8 = 0
- 2*x1 + 3*x2 + 2*x4 - 2*x5 - 4*x7 + x8 = 0
- 3*x2 - x3 + 3*x4 - x5 + 3*x7 - 4*x8 = 0
- 3*x3 + 2*x4 + 3*x5 + 2*x7 - 2*x8 = 0
  2*x1 + 3*x2 + x3 - x4 - 2*x7 = 0
  x1 - 4*x2 + 3*x3 - 2*x5 + 3*x7 - x8 = 0

-2 ,-3 ,0 ,3 ,-3 ,0 ,4 ,0 | 0 
-2 ,-3 ,-2 ,-3 ,0 ,0 ,-3 ,0 | 0 
4 ,-4 ,2 ,-4 ,-4 ,0 ,-4 ,-3 | 0 
-2 ,3 ,0 ,2 ,-2 ,0 ,-4 ,1 | 0 
0 ,-3 ,-1 ,3 ,-1 ,0 ,3 ,-4 | 0 
0 ,0 ,-3 ,2 ,3 ,0 ,2 ,-2 | 0 
2 ,3 ,1 ,-1 ,0 ,0 ,-2 ,0 | 0 
1 ,-4 ,3 ,0 ,-2 ,0 ,3 ,-1 | 0 

R2 --> R2 - R1

-2 ,-3 ,0 ,3 ,-3 ,0 ,4 ,0 | 0 
0 ,0 ,-2 ,-6 ,3 ,0 ,-7 ,0 | 0 
4 ,-4 ,2 ,-4 ,-4 ,0 ,-4 ,-3 | 0 
-2 ,3 ,0 ,2 ,-2 ,0 ,-4 ,1 | 0 
0 ,-3 ,-1 ,3 ,-1 ,0 ,3 ,-4 | 0 
0 ,0 ,-3 ,2 ,3 ,0 ,2 ,-2 | 0 
2 ,3 ,1 ,-1 ,0 ,0 ,-2 ,0 | 0 
1 ,-4 ,3 ,0 ,-2 ,0 ,3 ,-1 | 0 

R3 --> R3 + 2*R1

-2 ,-3 ,0 ,3 ,-3 ,0 ,4 ,0 | 0 
0 ,0 ,-2 ,-6 ,3 ,0 ,-7 ,0 | 0 
0 ,-10 ,2 ,2 ,-10 ,0 ,4 ,-3 | 0 
-2 ,3 ,0 ,2 ,-2 ,0 ,-4 ,1 | 0 
0 ,-3 ,-1 ,3 ,-1 ,0 ,3 ,-4 | 0 
0 ,0 ,-3 ,2 ,3 ,0 ,2 ,-2 | 0 
2 ,3 ,1 ,-1 ,0 ,0 ,-2 ,0 | 0 
1 ,-4 ,3 ,0 ,-2 ,0 ,3 ,-1 | 0 

R4 --> R4 - R1

-2 ,-3 ,0 ,3 ,-3 ,0 ,4 ,0 | 0 
0 ,0 ,-2 ,-6 ,3 ,0 ,-7 ,0 | 0 
0 ,-10 ,2 ,2 ,-10 ,0 ,4 ,-3 | 0 
0 ,6 ,0 ,-1 ,1 ,0 ,-8 ,1 | 0 
0 ,-3 ,-1 ,3 ,-1 ,0 ,3 ,-4 | 0 
0 ,0 ,-3 ,2 ,3 ,0 ,2 ,-2 | 0 
2 ,3 ,1 ,-1 ,0 ,0 ,-2 ,0 | 0 
1 ,-4 ,3 ,0 ,-2 ,0 ,3 ,-1 | 0 

R7 --> R7 + R1

-2 ,-3 ,0 ,3 ,-3 ,0 ,4 ,0 | 0 
0 ,0 ,-2 ,-6 ,3 ,0 ,-7 ,0 | 0 
0 ,-10 ,2 ,2 ,-10 ,0 ,4 ,-3 | 0 
0 ,6 ,0 ,-1 ,1 ,0 ,-8 ,1 | 0 
0 ,-3 ,-1 ,3 ,-1 ,0 ,3 ,-4 | 0 
0 ,0 ,-3 ,2 ,3 ,0 ,2 ,-2 | 0 
0 ,0 ,1 ,2 ,-3 ,0 ,2 ,0 | 0 
1 ,-4 ,3 ,0 ,-2 ,0 ,3 ,-1 | 0 

R8 --> R8 + 1/2*R1

-2 ,-3 ,0 ,3 ,-3 ,0 ,4 ,0 | 0 
0 ,0 ,-2 ,-6 ,3 ,0 ,-7 ,0 | 0 
0 ,-10 ,2 ,2 ,-10 ,0 ,4 ,-3 | 0 
0 ,6 ,0 ,-1 ,1 ,0 ,-8 ,1 | 0 
0 ,-3 ,-1 ,3 ,-1 ,0 ,3 ,-4 | 0 
0 ,0 ,-3 ,2 ,3 ,0 ,2 ,-2 | 0 
0 ,0 ,1 ,2 ,-3 ,0 ,2 ,0 | 0 
0 ,-11/2 ,3 ,3/2 ,-7/2 ,0 ,5 ,-1 | 0 

R2 <--> R3

-2 ,-3 ,0 ,3 ,-3 ,0 ,4 ,0 | 0 
0 ,-10 ,2 ,2 ,-10 ,0 ,4 ,-3 | 0 
0 ,0 ,-2 ,-6 ,3 ,0 ,-7 ,0 | 0 
0 ,6 ,0 ,-1 ,1 ,0 ,-8 ,1 | 0 
0 ,-3 ,-1 ,3 ,-1 ,0 ,3 ,-4 | 0 
0 ,0 ,-3 ,2 ,3 ,0 ,2 ,-2 | 0 
0 ,0 ,1 ,2 ,-3 ,0 ,2 ,0 | 0 
0 ,-11/2 ,3 ,3/2 ,-7/2 ,0 ,5 ,-1 | 0 

R1 --> R1 - 3/10*R2

-2 ,0 ,-3/5 ,12/5 ,0 ,0 ,14/5 ,9/10 | 0 
0 ,-10 ,2 ,2 ,-10 ,0 ,4 ,-3 | 0 
0 ,0 ,-2 ,-6 ,3 ,0 ,-7 ,0 | 0 
0 ,6 ,0 ,-1 ,1 ,0 ,-8 ,1 | 0 
0 ,-3 ,-1 ,3 ,-1 ,0 ,3 ,-4 | 0 
0 ,0 ,-3 ,2 ,3 ,0 ,2 ,-2 | 0 
0 ,0 ,1 ,2 ,-3 ,0 ,2 ,0 | 0 
0 ,-11/2 ,3 ,3/2 ,-7/2 ,0 ,5 ,-1 | 0 

R4 --> R4 + 3/5*R2

-2 ,0 ,-3/5 ,12/5 ,0 ,0 ,14/5 ,9/10 | 0 
0 ,-10 ,2 ,2 ,-10 ,0 ,4 ,-3 | 0 
0 ,0 ,-2 ,-6 ,3 ,0 ,-7 ,0 | 0 
0 ,0 ,6/5 ,1/5 ,-5 ,0 ,-28/5 ,-4/5 | 0 
0 ,-3 ,-1 ,3 ,-1 ,0 ,3 ,-4 | 0 
0 ,0 ,-3 ,2 ,3 ,0 ,2 ,-2 | 0 
0 ,0 ,1 ,2 ,-3 ,0 ,2 ,0 | 0 
0 ,-11/2 ,3 ,3/2 ,-7/2 ,0 ,5 ,-1 | 0 

R5 --> R5 - 3/10*R2

-2 ,0 ,-3/5 ,12/5 ,0 ,0 ,14/5 ,9/10 | 0 
0 ,-10 ,2 ,2 ,-10 ,0 ,4 ,-3 | 0 
0 ,0 ,-2 ,-6 ,3 ,0 ,-7 ,0 | 0 
0 ,0 ,6/5 ,1/5 ,-5 ,0 ,-28/5 ,-4/5 | 0 
0 ,0 ,-8/5 ,12/5 ,2 ,0 ,9/5 ,-31/10 | 0 
0 ,0 ,-3 ,2 ,3 ,0 ,2 ,-2 | 0 
0 ,0 ,1 ,2 ,-3 ,0 ,2 ,0 | 0 
0 ,-11/2 ,3 ,3/2 ,-7/2 ,0 ,5 ,-1 | 0 

R8 --> R8 - 11/20*R2

-2 ,0 ,-3/5 ,12/5 ,0 ,0 ,14/5 ,9/10 | 0 
0 ,-10 ,2 ,2 ,-10 ,0 ,4 ,-3 | 0 
0 ,0 ,-2 ,-6 ,3 ,0 ,-7 ,0 | 0 
0 ,0 ,6/5 ,1/5 ,-5 ,0 ,-28/5 ,-4/5 | 0 
0 ,0 ,-8/5 ,12/5 ,2 ,0 ,9/5 ,-31/10 | 0 
0 ,0 ,-3 ,2 ,3 ,0 ,2 ,-2 | 0 
0 ,0 ,1 ,2 ,-3 ,0 ,2 ,0 | 0 
0 ,0 ,19/10 ,2/5 ,2 ,0 ,14/5 ,13/20 | 0 

R1 --> R1 - 3/10*R3

-2 ,0 ,0 ,21/5 ,-9/10 ,0 ,49/10 ,9/10 | 0 
0 ,-10 ,2 ,2 ,-10 ,0 ,4 ,-3 | 0 
0 ,0 ,-2 ,-6 ,3 ,0 ,-7 ,0 | 0 
0 ,0 ,6/5 ,1/5 ,-5 ,0 ,-28/5 ,-4/5 | 0 
0 ,0 ,-8/5 ,12/5 ,2 ,0 ,9/5 ,-31/10 | 0 
0 ,0 ,-3 ,2 ,3 ,0 ,2 ,-2 | 0 
0 ,0 ,1 ,2 ,-3 ,0 ,2 ,0 | 0 
0 ,0 ,19/10 ,2/5 ,2 ,0 ,14/5 ,13/20 | 0 

R2 --> R2 + R3

-2 ,0 ,0 ,21/5 ,-9/10 ,0 ,49/10 ,9/10 | 0 
0 ,-10 ,0 ,-4 ,-7 ,0 ,-3 ,-3 | 0 
0 ,0 ,-2 ,-6 ,3 ,0 ,-7 ,0 | 0 
0 ,0 ,6/5 ,1/5 ,-5 ,0 ,-28/5 ,-4/5 | 0 
0 ,0 ,-8/5 ,12/5 ,2 ,0 ,9/5 ,-31/10 | 0 
0 ,0 ,-3 ,2 ,3 ,0 ,2 ,-2 | 0 
0 ,0 ,1 ,2 ,-3 ,0 ,2 ,0 | 0 
0 ,0 ,19/10 ,2/5 ,2 ,0 ,14/5 ,13/20 | 0 

R4 --> R4 + 3/5*R3

-2 ,0 ,0 ,21/5 ,-9/10 ,0 ,49/10 ,9/10 | 0 
0 ,-10 ,0 ,-4 ,-7 ,0 ,-3 ,-3 | 0 
0 ,0 ,-2 ,-6 ,3 ,0 ,-7 ,0 | 0 
0 ,0 ,0 ,-17/5 ,-16/5 ,0 ,-49/5 ,-4/5 | 0 
0 ,0 ,-8/5 ,12/5 ,2 ,0 ,9/5 ,-31/10 | 0 
0 ,0 ,-3 ,2 ,3 ,0 ,2 ,-2 | 0 
0 ,0 ,1 ,2 ,-3 ,0 ,2 ,0 | 0 
0 ,0 ,19/10 ,2/5 ,2 ,0 ,14/5 ,13/20 | 0 

R5 --> R5 - 4/5*R3

-2 ,0 ,0 ,21/5 ,-9/10 ,0 ,49/10 ,9/10 | 0 
0 ,-10 ,0 ,-4 ,-7 ,0 ,-3 ,-3 | 0 
0 ,0 ,-2 ,-6 ,3 ,0 ,-7 ,0 | 0 
0 ,0 ,0 ,-17/5 ,-16/5 ,0 ,-49/5 ,-4/5 | 0 
0 ,0 ,0 ,36/5 ,-2/5 ,0 ,37/5 ,-31/10 | 0 
0 ,0 ,-3 ,2 ,3 ,0 ,2 ,-2 | 0 
0 ,0 ,1 ,2 ,-3 ,0 ,2 ,0 | 0 
0 ,0 ,19/10 ,2/5 ,2 ,0 ,14/5 ,13/20 | 0 

R6 --> R6 - 3/2*R3

-2 ,0 ,0 ,21/5 ,-9/10 ,0 ,49/10 ,9/10 | 0 
0 ,-10 ,0 ,-4 ,-7 ,0 ,-3 ,-3 | 0 
0 ,0 ,-2 ,-6 ,3 ,0 ,-7 ,0 | 0 
0 ,0 ,0 ,-17/5 ,-16/5 ,0 ,-49/5 ,-4/5 | 0 
0 ,0 ,0 ,36/5 ,-2/5 ,0 ,37/5 ,-31/10 | 0 
0 ,0 ,0 ,11 ,-3/2 ,0 ,25/2 ,-2 | 0 
0 ,0 ,1 ,2 ,-3 ,0 ,2 ,0 | 0 
0 ,0 ,19/10 ,2/5 ,2 ,0 ,14/5 ,13/20 | 0 

R7 --> R7 + 1/2*R3

-2 ,0 ,0 ,21/5 ,-9/10 ,0 ,49/10 ,9/10 | 0 
0 ,-10 ,0 ,-4 ,-7 ,0 ,-3 ,-3 | 0 
0 ,0 ,-2 ,-6 ,3 ,0 ,-7 ,0 | 0 
0 ,0 ,0 ,-17/5 ,-16/5 ,0 ,-49/5 ,-4/5 | 0 
0 ,0 ,0 ,36/5 ,-2/5 ,0 ,37/5 ,-31/10 | 0 
0 ,0 ,0 ,11 ,-3/2 ,0 ,25/2 ,-2 | 0 
0 ,0 ,0 ,-1 ,-3/2 ,0 ,-3/2 ,0 | 0 
0 ,0 ,19/10 ,2/5 ,2 ,0 ,14/5 ,13/20 | 0 

R8 --> R8 + 19/20*R3

-2 ,0 ,0 ,21/5 ,-9/10 ,0 ,49/10 ,9/10 | 0 
0 ,-10 ,0 ,-4 ,-7 ,0 ,-3 ,-3 | 0 
0 ,0 ,-2 ,-6 ,3 ,0 ,-7 ,0 | 0 
0 ,0 ,0 ,-17/5 ,-16/5 ,0 ,-49/5 ,-4/5 | 0 
0 ,0 ,0 ,36/5 ,-2/5 ,0 ,37/5 ,-31/10 | 0 
0 ,0 ,0 ,11 ,-3/2 ,0 ,25/2 ,-2 | 0 
0 ,0 ,0 ,-1 ,-3/2 ,0 ,-3/2 ,0 | 0 
0 ,0 ,0 ,-53/10 ,97/20 ,0 ,-77/20 ,13/20 | 0 

R1 --> R1 + 21/17*R4

-2 ,0 ,0 ,0 ,-165/34 ,0 ,-245/34 ,-3/34 | 0 
0 ,-10 ,0 ,-4 ,-7 ,0 ,-3 ,-3 | 0 
0 ,0 ,-2 ,-6 ,3 ,0 ,-7 ,0 | 0 
0 ,0 ,0 ,-17/5 ,-16/5 ,0 ,-49/5 ,-4/5 | 0 
0 ,0 ,0 ,36/5 ,-2/5 ,0 ,37/5 ,-31/10 | 0 
0 ,0 ,0 ,11 ,-3/2 ,0 ,25/2 ,-2 | 0 
0 ,0 ,0 ,-1 ,-3/2 ,0 ,-3/2 ,0 | 0 
0 ,0 ,0 ,-53/10 ,97/20 ,0 ,-77/20 ,13/20 | 0 

R2 --> R2 - 20/17*R4

-2 ,0 ,0 ,0 ,-165/34 ,0 ,-245/34 ,-3/34 | 0 
0 ,-10 ,0 ,0 ,-55/17 ,0 ,145/17 ,-35/17 | 0 
0 ,0 ,-2 ,-6 ,3 ,0 ,-7 ,0 | 0 
0 ,0 ,0 ,-17/5 ,-16/5 ,0 ,-49/5 ,-4/5 | 0 
0 ,0 ,0 ,36/5 ,-2/5 ,0 ,37/5 ,-31/10 | 0 
0 ,0 ,0 ,11 ,-3/2 ,0 ,25/2 ,-2 | 0 
0 ,0 ,0 ,-1 ,-3/2 ,0 ,-3/2 ,0 | 0 
0 ,0 ,0 ,-53/10 ,97/20 ,0 ,-77/20 ,13/20 | 0 

R3 --> R3 - 30/17*R4

-2 ,0 ,0 ,0 ,-165/34 ,0 ,-245/34 ,-3/34 | 0 
0 ,-10 ,0 ,0 ,-55/17 ,0 ,145/17 ,-35/17 | 0 
0 ,0 ,-2 ,0 ,147/17 ,0 ,175/17 ,24/17 | 0 
0 ,0 ,0 ,-17/5 ,-16/5 ,0 ,-49/5 ,-4/5 | 0 
0 ,0 ,0 ,36/5 ,-2/5 ,0 ,37/5 ,-31/10 | 0 
0 ,0 ,0 ,11 ,-3/2 ,0 ,25/2 ,-2 | 0 
0 ,0 ,0 ,-1 ,-3/2 ,0 ,-3/2 ,0 | 0 
0 ,0 ,0 ,-53/10 ,97/20 ,0 ,-77/20 ,13/20 | 0 

R5 --> R5 + 36/17*R4

-2 ,0 ,0 ,0 ,-165/34 ,0 ,-245/34 ,-3/34 | 0 
0 ,-10 ,0 ,0 ,-55/17 ,0 ,145/17 ,-35/17 | 0 
0 ,0 ,-2 ,0 ,147/17 ,0 ,175/17 ,24/17 | 0 
0 ,0 ,0 ,-17/5 ,-16/5 ,0 ,-49/5 ,-4/5 | 0 
0 ,0 ,0 ,0 ,-122/17 ,0 ,-227/17 ,-163/34 | 0 
0 ,0 ,0 ,11 ,-3/2 ,0 ,25/2 ,-2 | 0 
0 ,0 ,0 ,-1 ,-3/2 ,0 ,-3/2 ,0 | 0 
0 ,0 ,0 ,-53/10 ,97/20 ,0 ,-77/20 ,13/20 | 0 

R6 --> R6 + 55/17*R4

-2 ,0 ,0 ,0 ,-165/34 ,0 ,-245/34 ,-3/34 | 0 
0 ,-10 ,0 ,0 ,-55/17 ,0 ,145/17 ,-35/17 | 0 
0 ,0 ,-2 ,0 ,147/17 ,0 ,175/17 ,24/17 | 0 
0 ,0 ,0 ,-17/5 ,-16/5 ,0 ,-49/5 ,-4/5 | 0 
0 ,0 ,0 ,0 ,-122/17 ,0 ,-227/17 ,-163/34 | 0 
0 ,0 ,0 ,0 ,-403/34 ,0 ,-653/34 ,-78/17 | 0 
0 ,0 ,0 ,-1 ,-3/2 ,0 ,-3/2 ,0 | 0 
0 ,0 ,0 ,-53/10 ,97/20 ,0 ,-77/20 ,13/20 | 0 

R7 --> R7 - 5/17*R4

-2 ,0 ,0 ,0 ,-165/34 ,0 ,-245/34 ,-3/34 | 0 
0 ,-10 ,0 ,0 ,-55/17 ,0 ,145/17 ,-35/17 | 0 
0 ,0 ,-2 ,0 ,147/17 ,0 ,175/17 ,24/17 | 0 
0 ,0 ,0 ,-17/5 ,-16/5 ,0 ,-49/5 ,-4/5 | 0 
0 ,0 ,0 ,0 ,-122/17 ,0 ,-227/17 ,-163/34 | 0 
0 ,0 ,0 ,0 ,-403/34 ,0 ,-653/34 ,-78/17 | 0 
0 ,0 ,0 ,0 ,-19/34 ,0 ,47/34 ,4/17 | 0 
0 ,0 ,0 ,-53/10 ,97/20 ,0 ,-77/20 ,13/20 | 0 

R8 --> R8 - 53/34*R4

-2 ,0 ,0 ,0 ,-165/34 ,0 ,-245/34 ,-3/34 | 0 
0 ,-10 ,0 ,0 ,-55/17 ,0 ,145/17 ,-35/17 | 0 
0 ,0 ,-2 ,0 ,147/17 ,0 ,175/17 ,24/17 | 0 
0 ,0 ,0 ,-17/5 ,-16/5 ,0 ,-49/5 ,-4/5 | 0 
0 ,0 ,0 ,0 ,-122/17 ,0 ,-227/17 ,-163/34 | 0 
0 ,0 ,0 ,0 ,-403/34 ,0 ,-653/34 ,-78/17 | 0 
0 ,0 ,0 ,0 ,-19/34 ,0 ,47/34 ,4/17 | 0 
0 ,0 ,0 ,0 ,669/68 ,0 ,777/68 ,129/68 | 0 

R1 --> R1 - 165/244*R5

-2 ,0 ,0 ,0 ,0 ,0 ,445/244 ,1498/475 | 0 
0 ,-10 ,0 ,0 ,-55/17 ,0 ,145/17 ,-35/17 | 0 
0 ,0 ,-2 ,0 ,147/17 ,0 ,175/17 ,24/17 | 0 
0 ,0 ,0 ,-17/5 ,-16/5 ,0 ,-49/5 ,-4/5 | 0 
0 ,0 ,0 ,0 ,-122/17 ,0 ,-227/17 ,-163/34 | 0 
0 ,0 ,0 ,0 ,-403/34 ,0 ,-653/34 ,-78/17 | 0 
0 ,0 ,0 ,0 ,-19/34 ,0 ,47/34 ,4/17 | 0 
0 ,0 ,0 ,0 ,669/68 ,0 ,777/68 ,129/68 | 0 

R2 --> R2 - 55/122*R5

-2 ,0 ,0 ,0 ,0 ,0 ,445/244 ,1498/475 | 0 
0 ,-10 ,0 ,0 ,0 ,0 ,1033/71 ,25/244 | 0 
0 ,0 ,-2 ,0 ,147/17 ,0 ,175/17 ,24/17 | 0 
0 ,0 ,0 ,-17/5 ,-16/5 ,0 ,-49/5 ,-4/5 | 0 
0 ,0 ,0 ,0 ,-122/17 ,0 ,-227/17 ,-163/34 | 0 
0 ,0 ,0 ,0 ,-403/34 ,0 ,-653/34 ,-78/17 | 0 
0 ,0 ,0 ,0 ,-19/34 ,0 ,47/34 ,4/17 | 0 
0 ,0 ,0 ,0 ,669/68 ,0 ,777/68 ,129/68 | 0 

R3 --> R3 + 147/122*R5

-2 ,0 ,0 ,0 ,0 ,0 ,445/244 ,1498/475 | 0 
0 ,-10 ,0 ,0 ,0 ,0 ,1033/71 ,25/244 | 0 
0 ,0 ,-2 ,0 ,0 ,0 ,-707/122 ,-1065/244 | 0 
0 ,0 ,0 ,-17/5 ,-16/5 ,0 ,-49/5 ,-4/5 | 0 
0 ,0 ,0 ,0 ,-122/17 ,0 ,-227/17 ,-163/34 | 0 
0 ,0 ,0 ,0 ,-403/34 ,0 ,-653/34 ,-78/17 | 0 
0 ,0 ,0 ,0 ,-19/34 ,0 ,47/34 ,4/17 | 0 
0 ,0 ,0 ,0 ,669/68 ,0 ,777/68 ,129/68 | 0 

R4 --> R4 - 136/305*R5

-2 ,0 ,0 ,0 ,0 ,0 ,445/244 ,1498/475 | 0 
0 ,-10 ,0 ,0 ,0 ,0 ,1033/71 ,25/244 | 0 
0 ,0 ,-2 ,0 ,0 ,0 ,-707/122 ,-1065/244 | 0 
0 ,0 ,0 ,-17/5 ,0 ,0 ,-1123/292 ,408/305 | 0 
0 ,0 ,0 ,0 ,-122/17 ,0 ,-227/17 ,-163/34 | 0 
0 ,0 ,0 ,0 ,-403/34 ,0 ,-653/34 ,-78/17 | 0 
0 ,0 ,0 ,0 ,-19/34 ,0 ,47/34 ,4/17 | 0 
0 ,0 ,0 ,0 ,669/68 ,0 ,777/68 ,129/68 | 0 

R6 --> R6 - 403/244*R5

-2 ,0 ,0 ,0 ,0 ,0 ,445/244 ,1498/475 | 0 
0 ,-10 ,0 ,0 ,0 ,0 ,1033/71 ,25/244 | 0 
0 ,0 ,-2 ,0 ,0 ,0 ,-707/122 ,-1065/244 | 0 
0 ,0 ,0 ,-17/5 ,0 ,0 ,-1123/292 ,408/305 | 0 
0 ,0 ,0 ,0 ,-122/17 ,0 ,-227/17 ,-163/34 | 0 
0 ,0 ,0 ,0 ,0 ,0 ,695/244 ,323/97 | 0 
0 ,0 ,0 ,0 ,-19/34 ,0 ,47/34 ,4/17 | 0 
0 ,0 ,0 ,0 ,669/68 ,0 ,777/68 ,129/68 | 0 

R7 --> R7 - 19/244*R5

-2 ,0 ,0 ,0 ,0 ,0 ,445/244 ,1498/475 | 0 
0 ,-10 ,0 ,0 ,0 ,0 ,1033/71 ,25/244 | 0 
0 ,0 ,-2 ,0 ,0 ,0 ,-707/122 ,-1065/244 | 0 
0 ,0 ,0 ,-17/5 ,0 ,0 ,-1123/292 ,408/305 | 0 
0 ,0 ,0 ,0 ,-122/17 ,0 ,-227/17 ,-163/34 | 0 
0 ,0 ,0 ,0 ,0 ,0 ,695/244 ,323/97 | 0 
0 ,0 ,0 ,0 ,0 ,0 ,591/244 ,297/488 | 0 
0 ,0 ,0 ,0 ,669/68 ,0 ,777/68 ,129/68 | 0 

R8 --> R8 + 292/213*R5

-2 ,0 ,0 ,0 ,0 ,0 ,445/244 ,1498/475 | 0 
0 ,-10 ,0 ,0 ,0 ,0 ,1033/71 ,25/244 | 0 
0 ,0 ,-2 ,0 ,0 ,0 ,-707/122 ,-1065/244 | 0 
0 ,0 ,0 ,-17/5 ,0 ,0 ,-1123/292 ,408/305 | 0 
0 ,0 ,0 ,0 ,-122/17 ,0 ,-227/17 ,-163/34 | 0 
0 ,0 ,0 ,0 ,0 ,0 ,695/244 ,323/97 | 0 
0 ,0 ,0 ,0 ,0 ,0 ,591/244 ,297/488 | 0 
0 ,0 ,0 ,0 ,0 ,0 ,-626/91 ,-547/117 | 0 

R1 --> R1 - 445/591*R7

-2 ,0 ,0 ,0 ,0 ,0 ,0 ,531/197 | 0 
0 ,-10 ,0 ,0 ,0 ,0 ,1033/71 ,25/244 | 0 
0 ,0 ,-2 ,0 ,0 ,0 ,-707/122 ,-1065/244 | 0 
0 ,0 ,0 ,-17/5 ,0 ,0 ,-1123/292 ,408/305 | 0 
0 ,0 ,0 ,0 ,-122/17 ,0 ,-227/17 ,-163/34 | 0 
0 ,0 ,0 ,0 ,0 ,0 ,695/244 ,323/97 | 0 
0 ,0 ,0 ,0 ,0 ,0 ,591/244 ,297/488 | 0 
0 ,0 ,0 ,0 ,0 ,0 ,-626/91 ,-547/117 | 0 

R2 --> R2 - 883/147*R7

-2 ,0 ,0 ,0 ,0 ,0 ,0 ,531/197 | 0 
0 ,-10 ,0 ,0 ,0 ,0 ,0 ,-700/197 | 0 
0 ,0 ,-2 ,0 ,0 ,0 ,-707/122 ,-1065/244 | 0 
0 ,0 ,0 ,-17/5 ,0 ,0 ,-1123/292 ,408/305 | 0 
0 ,0 ,0 ,0 ,-122/17 ,0 ,-227/17 ,-163/34 | 0 
0 ,0 ,0 ,0 ,0 ,0 ,695/244 ,323/97 | 0 
0 ,0 ,0 ,0 ,0 ,0 ,591/244 ,297/488 | 0 
0 ,0 ,0 ,0 ,0 ,0 ,-626/91 ,-547/117 | 0 

R3 --> R3 + 579/242*R7

-2 ,0 ,0 ,0 ,0 ,0 ,0 ,531/197 | 0 
0 ,-10 ,0 ,0 ,0 ,0 ,0 ,-700/197 | 0 
0 ,0 ,-2 ,0 ,0 ,0 ,0 ,-541/186 | 0 
0 ,0 ,0 ,-17/5 ,0 ,0 ,-1123/292 ,408/305 | 0 
0 ,0 ,0 ,0 ,-122/17 ,0 ,-227/17 ,-163/34 | 0 
0 ,0 ,0 ,0 ,0 ,0 ,695/244 ,323/97 | 0 
0 ,0 ,0 ,0 ,0 ,0 ,591/244 ,297/488 | 0 
0 ,0 ,0 ,0 ,0 ,0 ,-626/91 ,-547/117 | 0 

R4 --> R4 + 443/279*R7

-2 ,0 ,0 ,0 ,0 ,0 ,0 ,531/197 | 0 
0 ,-10 ,0 ,0 ,0 ,0 ,0 ,-700/197 | 0 
0 ,0 ,-2 ,0 ,0 ,0 ,0 ,-541/186 | 0 
0 ,0 ,0 ,-17/5 ,0 ,0 ,0 ,341/148 | 0 
0 ,0 ,0 ,0 ,-122/17 ,0 ,-227/17 ,-163/34 | 0 
0 ,0 ,0 ,0 ,0 ,0 ,695/244 ,323/97 | 0 
0 ,0 ,0 ,0 ,0 ,0 ,591/244 ,297/488 | 0 
0 ,0 ,0 ,0 ,0 ,0 ,-626/91 ,-547/117 | 0 

R5 --> R5 + 1924/349*R7

-2 ,0 ,0 ,0 ,0 ,0 ,0 ,531/197 | 0 
0 ,-10 ,0 ,0 ,0 ,0 ,0 ,-700/197 | 0 
0 ,0 ,-2 ,0 ,0 ,0 ,0 ,-541/186 | 0 
0 ,0 ,0 ,-17/5 ,0 ,0 ,0 ,341/148 | 0 
0 ,0 ,0 ,0 ,-122/17 ,0 ,0 ,-377/262 | 0 
0 ,0 ,0 ,0 ,0 ,0 ,695/244 ,323/97 | 0 
0 ,0 ,0 ,0 ,0 ,0 ,591/244 ,297/488 | 0 
0 ,0 ,0 ,0 ,0 ,0 ,-626/91 ,-547/117 | 0 

R6 --> R6 - 274/233*R7

-2 ,0 ,0 ,0 ,0 ,0 ,0 ,531/197 | 0 
0 ,-10 ,0 ,0 ,0 ,0 ,0 ,-700/197 | 0 
0 ,0 ,-2 ,0 ,0 ,0 ,0 ,-541/186 | 0 
0 ,0 ,0 ,-17/5 ,0 ,0 ,0 ,341/148 | 0 
0 ,0 ,0 ,0 ,-122/17 ,0 ,0 ,-377/262 | 0 
0 ,0 ,0 ,0 ,0 ,0 ,0 ,515/197 | 0 
0 ,0 ,0 ,0 ,0 ,0 ,591/244 ,297/488 | 0 
0 ,0 ,0 ,0 ,0 ,0 ,-626/91 ,-547/117 | 0 

R6 --> 197/515*R6

-2 ,0 ,0 ,0 ,0 ,0 ,0 ,531/197 | 0 
0 ,-10 ,0 ,0 ,0 ,0 ,0 ,-700/197 | 0 
0 ,0 ,-2 ,0 ,0 ,0 ,0 ,-541/186 | 0 
0 ,0 ,0 ,-17/5 ,0 ,0 ,0 ,341/148 | 0 
0 ,0 ,0 ,0 ,-122/17 ,0 ,0 ,-377/262 | 0 
0 ,0 ,0 ,0 ,0 ,0 ,0 ,1 | 0 
0 ,0 ,0 ,0 ,0 ,0 ,591/244 ,297/488 | 0 
0 ,0 ,0 ,0 ,0 ,0 ,-626/91 ,-547/117 | 0 

R8 --> R8 + 1048/369*R7

-2 ,0 ,0 ,0 ,0 ,0 ,0 ,531/197 | 0 
0 ,-10 ,0 ,0 ,0 ,0 ,0 ,-700/197 | 0 
0 ,0 ,-2 ,0 ,0 ,0 ,0 ,-541/186 | 0 
0 ,0 ,0 ,-17/5 ,0 ,0 ,0 ,341/148 | 0 
0 ,0 ,0 ,0 ,-122/17 ,0 ,0 ,-377/262 | 0 
0 ,0 ,0 ,0 ,0 ,0 ,0 ,1 | 0 
0 ,0 ,0 ,0 ,0 ,0 ,591/244 ,297/488 | 0 
0 ,0 ,0 ,0 ,0 ,0 ,0 ,-1161/394 | 0 

R8 --> -394/1161*R8

-2 ,0 ,0 ,0 ,0 ,0 ,0 ,531/197 | 0 
0 ,-10 ,0 ,0 ,0 ,0 ,0 ,-700/197 | 0 
0 ,0 ,-2 ,0 ,0 ,0 ,0 ,-541/186 | 0 
0 ,0 ,0 ,-17/5 ,0 ,0 ,0 ,341/148 | 0 
0 ,0 ,0 ,0 ,-122/17 ,0 ,0 ,-377/262 | 0 
0 ,0 ,0 ,0 ,0 ,0 ,0 ,1 | 0 
0 ,0 ,0 ,0 ,0 ,0 ,591/244 ,297/488 | 0 
0 ,0 ,0 ,0 ,0 ,0 ,0 ,1 | 0 

R1 --> R1 - 531/197*R8

-2 ,0 ,0 ,0 ,0 ,0 ,0 ,0 | 0 
0 ,-10 ,0 ,0 ,0 ,0 ,0 ,-700/197 | 0 
0 ,0 ,-2 ,0 ,0 ,0 ,0 ,-541/186 | 0 
0 ,0 ,0 ,-17/5 ,0 ,0 ,0 ,341/148 | 0 
0 ,0 ,0 ,0 ,-122/17 ,0 ,0 ,-377/262 | 0 
0 ,0 ,0 ,0 ,0 ,0 ,0 ,1 | 0 
0 ,0 ,0 ,0 ,0 ,0 ,591/244 ,297/488 | 0 
0 ,0 ,0 ,0 ,0 ,0 ,0 ,1 | 0 

R1 --> -1/2*R1

1 ,0 ,0 ,0 ,0 ,0 ,0 ,0 | 0 
0 ,-10 ,0 ,0 ,0 ,0 ,0 ,-700/197 | 0 
0 ,0 ,-2 ,0 ,0 ,0 ,0 ,-541/186 | 0 
0 ,0 ,0 ,-17/5 ,0 ,0 ,0 ,341/148 | 0 
0 ,0 ,0 ,0 ,-122/17 ,0 ,0 ,-377/262 | 0 
0 ,0 ,0 ,0 ,0 ,0 ,0 ,1 | 0 
0 ,0 ,0 ,0 ,0 ,0 ,591/244 ,297/488 | 0 
0 ,0 ,0 ,0 ,0 ,0 ,0 ,1 | 0 

R2 --> R2 + 700/197*R8

1 ,0 ,0 ,0 ,0 ,0 ,0 ,0 | 0 
0 ,-10 ,0 ,0 ,0 ,0 ,0 ,0 | 0 
0 ,0 ,-2 ,0 ,0 ,0 ,0 ,-541/186 | 0 
0 ,0 ,0 ,-17/5 ,0 ,0 ,0 ,341/148 | 0 
0 ,0 ,0 ,0 ,-122/17 ,0 ,0 ,-377/262 | 0 
0 ,0 ,0 ,0 ,0 ,0 ,0 ,1 | 0 
0 ,0 ,0 ,0 ,0 ,0 ,591/244 ,297/488 | 0 
0 ,0 ,0 ,0 ,0 ,0 ,0 ,1 | 0 

R2 --> -1/10*R2

1 ,0 ,0 ,0 ,0 ,0 ,0 ,0 | 0 
0 ,1 ,0 ,0 ,0 ,0 ,0 ,0 | 0 
0 ,0 ,-2 ,0 ,0 ,0 ,0 ,-541/186 | 0 
0 ,0 ,0 ,-17/5 ,0 ,0 ,0 ,341/148 | 0 
0 ,0 ,0 ,0 ,-122/17 ,0 ,0 ,-377/262 | 0 
0 ,0 ,0 ,0 ,0 ,0 ,0 ,1 | 0 
0 ,0 ,0 ,0 ,0 ,0 ,591/244 ,297/488 | 0 
0 ,0 ,0 ,0 ,0 ,0 ,0 ,1 | 0 

R3 --> R3 + 541/186*R8

1 ,0 ,0 ,0 ,0 ,0 ,0 ,0 | 0 
0 ,1 ,0 ,0 ,0 ,0 ,0 ,0 | 0 
0 ,0 ,-2 ,0 ,0 ,0 ,0 ,0 | 0 
0 ,0 ,0 ,-17/5 ,0 ,0 ,0 ,341/148 | 0 
0 ,0 ,0 ,0 ,-122/17 ,0 ,0 ,-377/262 | 0 
0 ,0 ,0 ,0 ,0 ,0 ,0 ,1 | 0 
0 ,0 ,0 ,0 ,0 ,0 ,591/244 ,297/488 | 0 
0 ,0 ,0 ,0 ,0 ,0 ,0 ,1 | 0 

R3 --> -1/2*R3

1 ,0 ,0 ,0 ,0 ,0 ,0 ,0 | 0 
0 ,1 ,0 ,0 ,0 ,0 ,0 ,0 | 0 
0 ,0 ,1 ,0 ,0 ,0 ,0 ,0 | 0 
0 ,0 ,0 ,-17/5 ,0 ,0 ,0 ,341/148 | 0 
0 ,0 ,0 ,0 ,-122/17 ,0 ,0 ,-377/262 | 0 
0 ,0 ,0 ,0 ,0 ,0 ,0 ,1 | 0 
0 ,0 ,0 ,0 ,0 ,0 ,591/244 ,297/488 | 0 
0 ,0 ,0 ,0 ,0 ,0 ,0 ,1 | 0 

R4 --> R4 - 341/148*R8

1 ,0 ,0 ,0 ,0 ,0 ,0 ,0 | 0 
0 ,1 ,0 ,0 ,0 ,0 ,0 ,0 | 0 
0 ,0 ,1 ,0 ,0 ,0 ,0 ,0 | 0 
0 ,0 ,0 ,-17/5 ,0 ,0 ,0 ,0 | 0 
0 ,0 ,0 ,0 ,-122/17 ,0 ,0 ,-377/262 | 0 
0 ,0 ,0 ,0 ,0 ,0 ,0 ,1 | 0 
0 ,0 ,0 ,0 ,0 ,0 ,591/244 ,297/488 | 0 
0 ,0 ,0 ,0 ,0 ,0 ,0 ,1 | 0 

R4 --> -5/17*R4

1 ,0 ,0 ,0 ,0 ,0 ,0 ,0 | 0 
0 ,1 ,0 ,0 ,0 ,0 ,0 ,0 | 0 
0 ,0 ,1 ,0 ,0 ,0 ,0 ,0 | 0 
0 ,0 ,0 ,1 ,0 ,0 ,0 ,0 | 0 
0 ,0 ,0 ,0 ,-122/17 ,0 ,0 ,-377/262 | 0 
0 ,0 ,0 ,0 ,0 ,0 ,0 ,1 | 0 
0 ,0 ,0 ,0 ,0 ,0 ,591/244 ,297/488 | 0 
0 ,0 ,0 ,0 ,0 ,0 ,0 ,1 | 0 

R5 --> R5 + 377/262*R8

1 ,0 ,0 ,0 ,0 ,0 ,0 ,0 | 0 
0 ,1 ,0 ,0 ,0 ,0 ,0 ,0 | 0 
0 ,0 ,1 ,0 ,0 ,0 ,0 ,0 | 0 
0 ,0 ,0 ,1 ,0 ,0 ,0 ,0 | 0 
0 ,0 ,0 ,0 ,-122/17 ,0 ,0 ,0 | 0 
0 ,0 ,0 ,0 ,0 ,0 ,0 ,1 | 0 
0 ,0 ,0 ,0 ,0 ,0 ,591/244 ,297/488 | 0 
0 ,0 ,0 ,0 ,0 ,0 ,0 ,1 | 0 

R5 --> -17/122*R5

1 ,0 ,0 ,0 ,0 ,0 ,0 ,0 | 0 
0 ,1 ,0 ,0 ,0 ,0 ,0 ,0 | 0 
0 ,0 ,1 ,0 ,0 ,0 ,0 ,0 | 0 
0 ,0 ,0 ,1 ,0 ,0 ,0 ,0 | 0 
0 ,0 ,0 ,0 ,1 ,0 ,0 ,0 | 0 
0 ,0 ,0 ,0 ,0 ,0 ,0 ,1 | 0 
0 ,0 ,0 ,0 ,0 ,0 ,591/244 ,297/488 | 0 
0 ,0 ,0 ,0 ,0 ,0 ,0 ,1 | 0 

R6 --> R6 - R8

1 ,0 ,0 ,0 ,0 ,0 ,0 ,0 | 0 
0 ,1 ,0 ,0 ,0 ,0 ,0 ,0 | 0 
0 ,0 ,1 ,0 ,0 ,0 ,0 ,0 | 0 
0 ,0 ,0 ,1 ,0 ,0 ,0 ,0 | 0 
0 ,0 ,0 ,0 ,1 ,0 ,0 ,0 | 0 
0 ,0 ,0 ,0 ,0 ,0 ,0 ,0 | 0 
0 ,0 ,0 ,0 ,0 ,0 ,591/244 ,297/488 | 0 
0 ,0 ,0 ,0 ,0 ,0 ,0 ,1 | 0 

R7 --> R7 - 297/488*R8

1 ,0 ,0 ,0 ,0 ,0 ,0 ,0 | 0 
0 ,1 ,0 ,0 ,0 ,0 ,0 ,0 | 0 
0 ,0 ,1 ,0 ,0 ,0 ,0 ,0 | 0 
0 ,0 ,0 ,1 ,0 ,0 ,0 ,0 | 0 
0 ,0 ,0 ,0 ,1 ,0 ,0 ,0 | 0 
0 ,0 ,0 ,0 ,0 ,0 ,0 ,0 | 0 
0 ,0 ,0 ,0 ,0 ,0 ,591/244 ,0 | 0 
0 ,0 ,0 ,0 ,0 ,0 ,0 ,1 | 0 

R7 --> 244/591*R7

1 ,0 ,0 ,0 ,0 ,0 ,0 ,0 | 0 
0 ,1 ,0 ,0 ,0 ,0 ,0 ,0 | 0 
0 ,0 ,1 ,0 ,0 ,0 ,0 ,0 | 0 
0 ,0 ,0 ,1 ,0 ,0 ,0 ,0 | 0 
0 ,0 ,0 ,0 ,1 ,0 ,0 ,0 | 0 
0 ,0 ,0 ,0 ,0 ,0 ,0 ,0 | 0 
0 ,0 ,0 ,0 ,0 ,0 ,1 ,0 | 0 
0 ,0 ,0 ,0 ,0 ,0 ,0 ,1 | 0 

define new column in b when x6 is free variable in R8:
1 ,0 ,0 ,0 ,0 ,0 ,0 ,0 | 0 ,0 
0 ,1 ,0 ,0 ,0 ,0 ,0 ,0 | 0 ,0 
0 ,0 ,1 ,0 ,0 ,0 ,0 ,0 | 0 ,0 
0 ,0 ,0 ,1 ,0 ,0 ,0 ,0 | 0 ,0 
0 ,0 ,0 ,0 ,1 ,0 ,0 ,0 | 0 ,0 
0 ,0 ,0 ,0 ,0 ,1 ,0 ,0 | 0 ,1 
0 ,0 ,0 ,0 ,0 ,0 ,1 ,0 | 0 ,0 
0 ,0 ,0 ,0 ,0 ,0 ,0 ,1 | 0 ,0 

solution is infinite set of vectors that linear dependent in line: x = λ*( 0 , 0 , 0 , 0 , 0 , 1 , 0 , 0 )
