Solve The Next System Under Space R8:
eq1: + 2*x1        + 2*x3        -   x5 +   x6 - 3*x7 + 2*x8 = 0
eq2: -   x1 - 3*x2 -   x3 - 3*x4 - 4*x5        - 2*x7 -   x8 = 0
eq3: + 4*x1 + 3*x2 -   x3 + 2*x4 + 4*x5                      = 0
eq4:        - 3*x2 +   x3               + 2*x6 -   x7 + 4*x8 = 0
eq5: + 2*x1 - 3*x2 - 2*x3 + 4*x4 + 2*x5 -   x6 + 2*x7 - 4*x8 = 0
eq6: - 3*x1 - 2*x2 +   x3 + 2*x4 + 3*x5 +   x6 + 4*x7 - 2*x8 = 0
eq7:               - 4*x3 - 4*x4 + 2*x5 - 3*x6 - 2*x7 + 3*x8 = 0
eq8:        - 3*x2 -   x3 + 3*x4        - 3*x6 +   x7 - 3*x8 = 0

2 ,0 ,2 ,0 ,-1 ,1 ,-3 ,2 | 0 
-1 ,-3 ,-1 ,-3 ,-4 ,0 ,-2 ,-1 | 0 
4 ,3 ,-1 ,2 ,4 ,0 ,0 ,0 | 0 
0 ,-3 ,1 ,0 ,0 ,2 ,-1 ,4 | 0 
2 ,-3 ,-2 ,4 ,2 ,-1 ,2 ,-4 | 0 
-3 ,-2 ,1 ,2 ,3 ,1 ,4 ,-2 | 0 
0 ,0 ,-4 ,-4 ,2 ,-3 ,-2 ,3 | 0 
0 ,-3 ,-1 ,3 ,0 ,-3 ,1 ,-3 | 0 

R7 --> R7 + R8

2 ,0 ,2 ,0 ,-1 ,1 ,-3 ,2 | 0 
-1 ,-3 ,-1 ,-3 ,-4 ,0 ,-2 ,-1 | 0 
4 ,3 ,-1 ,2 ,4 ,0 ,0 ,0 | 0 
0 ,-3 ,1 ,0 ,0 ,2 ,-1 ,4 | 0 
2 ,-3 ,-2 ,4 ,2 ,-1 ,2 ,-4 | 0 
-3 ,-2 ,1 ,2 ,3 ,1 ,4 ,-2 | 0 
0 ,-3 ,-5 ,-1 ,2 ,-6 ,-1 ,0 | 0 
0 ,-3 ,-1 ,3 ,0 ,-3 ,1 ,-3 | 0 

R6 --> R6 - 0.6667*R8

2 ,0 ,2 ,0 ,-1 ,1 ,-3 ,2 | 0 
-1 ,-3 ,-1 ,-3 ,-4 ,0 ,-2 ,-1 | 0 
4 ,3 ,-1 ,2 ,4 ,0 ,0 ,0 | 0 
0 ,-3 ,1 ,0 ,0 ,2 ,-1 ,4 | 0 
2 ,-3 ,-2 ,4 ,2 ,-1 ,2 ,-4 | 0 
-3 ,0 ,1.667 ,0 ,3 ,3 ,3.333 ,0 | 0 
0 ,-3 ,-5 ,-1 ,2 ,-6 ,-1 ,0 | 0 
0 ,-3 ,-1 ,3 ,0 ,-3 ,1 ,-3 | 0 

R5 --> R5 - 1.3333*R8

2 ,0 ,2 ,0 ,-1 ,1 ,-3 ,2 | 0 
-1 ,-3 ,-1 ,-3 ,-4 ,0 ,-2 ,-1 | 0 
4 ,3 ,-1 ,2 ,4 ,0 ,0 ,0 | 0 
0 ,-3 ,1 ,0 ,0 ,2 ,-1 ,4 | 0 
2 ,1 ,-0.667 ,0 ,2 ,3 ,0.667 ,0 | 0 
-3 ,0 ,1.667 ,0 ,3 ,3 ,3.333 ,0 | 0 
0 ,-3 ,-5 ,-1 ,2 ,-6 ,-1 ,0 | 0 
0 ,-3 ,-1 ,3 ,0 ,-3 ,1 ,-3 | 0 

R4 --> R4 + 1.3333*R8

2 ,0 ,2 ,0 ,-1 ,1 ,-3 ,2 | 0 
-1 ,-3 ,-1 ,-3 ,-4 ,0 ,-2 ,-1 | 0 
4 ,3 ,-1 ,2 ,4 ,0 ,0 ,0 | 0 
0 ,-7 ,-0.333 ,4 ,0 ,-2 ,0.333 ,0 | 0 
2 ,1 ,-0.667 ,0 ,2 ,3 ,0.667 ,0 | 0 
-3 ,0 ,1.667 ,0 ,3 ,3 ,3.333 ,0 | 0 
0 ,-3 ,-5 ,-1 ,2 ,-6 ,-1 ,0 | 0 
0 ,-3 ,-1 ,3 ,0 ,-3 ,1 ,-3 | 0 

R2 --> R2 - 0.3333*R8

2 ,0 ,2 ,0 ,-1 ,1 ,-3 ,2 | 0 
-1 ,-2 ,-0.667 ,-4 ,-4 ,1 ,-2.333 ,0 | 0 
4 ,3 ,-1 ,2 ,4 ,0 ,0 ,0 | 0 
0 ,-7 ,-0.333 ,4 ,0 ,-2 ,0.333 ,0 | 0 
2 ,1 ,-0.667 ,0 ,2 ,3 ,0.667 ,0 | 0 
-3 ,0 ,1.667 ,0 ,3 ,3 ,3.333 ,0 | 0 
0 ,-3 ,-5 ,-1 ,2 ,-6 ,-1 ,0 | 0 
0 ,-3 ,-1 ,3 ,0 ,-3 ,1 ,-3 | 0 

R1 --> R1 + 0.6667*R8

2 ,-2 ,1.333 ,2 ,-1 ,-1 ,-2.333 ,0 | 0 
-1 ,-2 ,-0.667 ,-4 ,-4 ,1 ,-2.333 ,0 | 0 
4 ,3 ,-1 ,2 ,4 ,0 ,0 ,0 | 0 
0 ,-7 ,-0.333 ,4 ,0 ,-2 ,0.333 ,0 | 0 
2 ,1 ,-0.667 ,0 ,2 ,3 ,0.667 ,0 | 0 
-3 ,0 ,1.667 ,0 ,3 ,3 ,3.333 ,0 | 0 
0 ,-3 ,-5 ,-1 ,2 ,-6 ,-1 ,0 | 0 
0 ,-3 ,-1 ,3 ,0 ,-3 ,1 ,-3 | 0 

R6 --> R6 + 3.3333*R7

2 ,-2 ,1.333 ,2 ,-1 ,-1 ,-2.333 ,0 | 0 
-1 ,-2 ,-0.667 ,-4 ,-4 ,1 ,-2.333 ,0 | 0 
4 ,3 ,-1 ,2 ,4 ,0 ,0 ,0 | 0 
0 ,-7 ,-0.333 ,4 ,0 ,-2 ,0.333 ,0 | 0 
2 ,1 ,-0.667 ,0 ,2 ,3 ,0.667 ,0 | 0 
-3 ,-10 ,-15 ,-3.333 ,9.667 ,-17 ,0 ,0 | 0 
0 ,-3 ,-5 ,-1 ,2 ,-6 ,-1 ,0 | 0 
0 ,-3 ,-1 ,3 ,0 ,-3 ,1 ,-3 | 0 

R5 --> R5 + 0.6667*R7

2 ,-2 ,1.333 ,2 ,-1 ,-1 ,-2.333 ,0 | 0 
-1 ,-2 ,-0.667 ,-4 ,-4 ,1 ,-2.333 ,0 | 0 
4 ,3 ,-1 ,2 ,4 ,0 ,0 ,0 | 0 
0 ,-7 ,-0.333 ,4 ,0 ,-2 ,0.333 ,0 | 0 
2 ,-1 ,-4 ,-0.667 ,3.333 ,-1 ,0 ,0 | 0 
-3 ,-10 ,-15 ,-3.333 ,9.667 ,-17 ,0 ,0 | 0 
0 ,-3 ,-5 ,-1 ,2 ,-6 ,-1 ,0 | 0 
0 ,-3 ,-1 ,3 ,0 ,-3 ,1 ,-3 | 0 

R4 --> R4 + 0.3333*R7

2 ,-2 ,1.333 ,2 ,-1 ,-1 ,-2.333 ,0 | 0 
-1 ,-2 ,-0.667 ,-4 ,-4 ,1 ,-2.333 ,0 | 0 
4 ,3 ,-1 ,2 ,4 ,0 ,0 ,0 | 0 
0 ,-8 ,-2 ,3.667 ,0.667 ,-4 ,0 ,0 | 0 
2 ,-1 ,-4 ,-0.667 ,3.333 ,-1 ,0 ,0 | 0 
-3 ,-10 ,-15 ,-3.333 ,9.667 ,-17 ,0 ,0 | 0 
0 ,-3 ,-5 ,-1 ,2 ,-6 ,-1 ,0 | 0 
0 ,-3 ,-1 ,3 ,0 ,-3 ,1 ,-3 | 0 

R2 --> R2 - 2.3333*R7

2 ,-2 ,1.333 ,2 ,-1 ,-1 ,-2.333 ,0 | 0 
-1 ,5 ,11 ,-1.667 ,-8.667 ,15 ,0 ,0 | 0 
4 ,3 ,-1 ,2 ,4 ,0 ,0 ,0 | 0 
0 ,-8 ,-2 ,3.667 ,0.667 ,-4 ,0 ,0 | 0 
2 ,-1 ,-4 ,-0.667 ,3.333 ,-1 ,0 ,0 | 0 
-3 ,-10 ,-15 ,-3.333 ,9.667 ,-17 ,0 ,0 | 0 
0 ,-3 ,-5 ,-1 ,2 ,-6 ,-1 ,0 | 0 
0 ,-3 ,-1 ,3 ,0 ,-3 ,1 ,-3 | 0 

R1 --> R1 - 2.3333*R7

2 ,5 ,13 ,4.333 ,-5.667 ,13 ,0 ,0 | 0 
-1 ,5 ,11 ,-1.667 ,-8.667 ,15 ,0 ,0 | 0 
4 ,3 ,-1 ,2 ,4 ,0 ,0 ,0 | 0 
0 ,-8 ,-2 ,3.667 ,0.667 ,-4 ,0 ,0 | 0 
2 ,-1 ,-4 ,-0.667 ,3.333 ,-1 ,0 ,0 | 0 
-3 ,-10 ,-15 ,-3.333 ,9.667 ,-17 ,0 ,0 | 0 
0 ,-3 ,-5 ,-1 ,2 ,-6 ,-1 ,0 | 0 
0 ,-3 ,-1 ,3 ,0 ,-3 ,1 ,-3 | 0 

R5 --> R5 - 0.0588*R6

2 ,5 ,13 ,4.333 ,-5.667 ,13 ,0 ,0 | 0 
-1 ,5 ,11 ,-1.667 ,-8.667 ,15 ,0 ,0 | 0 
4 ,3 ,-1 ,2 ,4 ,0 ,0 ,0 | 0 
0 ,-8 ,-2 ,3.667 ,0.667 ,-4 ,0 ,0 | 0 
2.176 ,-0.412 ,-3.118 ,-0.471 ,2.765 ,0 ,0 ,0 | 0 
-3 ,-10 ,-15 ,-3.333 ,9.667 ,-17 ,0 ,0 | 0 
0 ,-3 ,-5 ,-1 ,2 ,-6 ,-1 ,0 | 0 
0 ,-3 ,-1 ,3 ,0 ,-3 ,1 ,-3 | 0 

R4 --> R4 - 0.2353*R6

2 ,5 ,13 ,4.333 ,-5.667 ,13 ,0 ,0 | 0 
-1 ,5 ,11 ,-1.667 ,-8.667 ,15 ,0 ,0 | 0 
4 ,3 ,-1 ,2 ,4 ,0 ,0 ,0 | 0 
0.706 ,-5.647 ,1.529 ,4.451 ,-1.608 ,0 ,0 ,0 | 0 
2.176 ,-0.412 ,-3.118 ,-0.471 ,2.765 ,0 ,0 ,0 | 0 
-3 ,-10 ,-15 ,-3.333 ,9.667 ,-17 ,0 ,0 | 0 
0 ,-3 ,-5 ,-1 ,2 ,-6 ,-1 ,0 | 0 
0 ,-3 ,-1 ,3 ,0 ,-3 ,1 ,-3 | 0 

R2 --> R2 + 0.8824*R6

2 ,5 ,13 ,4.333 ,-5.667 ,13 ,0 ,0 | 0 
-3.647 ,-3.824 ,-2.235 ,-4.608 ,-0.137 ,0 ,0 ,0 | 0 
4 ,3 ,-1 ,2 ,4 ,0 ,0 ,0 | 0 
0.706 ,-5.647 ,1.529 ,4.451 ,-1.608 ,0 ,0 ,0 | 0 
2.176 ,-0.412 ,-3.118 ,-0.471 ,2.765 ,0 ,0 ,0 | 0 
-3 ,-10 ,-15 ,-3.333 ,9.667 ,-17 ,0 ,0 | 0 
0 ,-3 ,-5 ,-1 ,2 ,-6 ,-1 ,0 | 0 
0 ,-3 ,-1 ,3 ,0 ,-3 ,1 ,-3 | 0 

R1 --> R1 + 0.7647*R6

-0.294 ,-2.647 ,1.529 ,1.784 ,1.725 ,0 ,0 ,0 | 0 
-3.647 ,-3.824 ,-2.235 ,-4.608 ,-0.137 ,0 ,0 ,0 | 0 
4 ,3 ,-1 ,2 ,4 ,0 ,0 ,0 | 0 
0.706 ,-5.647 ,1.529 ,4.451 ,-1.608 ,0 ,0 ,0 | 0 
2.176 ,-0.412 ,-3.118 ,-0.471 ,2.765 ,0 ,0 ,0 | 0 
-3 ,-10 ,-15 ,-3.333 ,9.667 ,-17 ,0 ,0 | 0 
0 ,-3 ,-5 ,-1 ,2 ,-6 ,-1 ,0 | 0 
0 ,-3 ,-1 ,3 ,0 ,-3 ,1 ,-3 | 0 

R4 --> R4 + 0.5816*R5

-0.294 ,-2.647 ,1.529 ,1.784 ,1.725 ,0 ,0 ,0 | 0 
-3.647 ,-3.824 ,-2.235 ,-4.608 ,-0.137 ,0 ,0 ,0 | 0 
4 ,3 ,-1 ,2 ,4 ,0 ,0 ,0 | 0 
1.972 ,-5.887 ,-0.284 ,4.177 ,0 ,0 ,0 ,0 | 0 
2.176 ,-0.412 ,-3.118 ,-0.471 ,2.765 ,0 ,0 ,0 | 0 
-3 ,-10 ,-15 ,-3.333 ,9.667 ,-17 ,0 ,0 | 0 
0 ,-3 ,-5 ,-1 ,2 ,-6 ,-1 ,0 | 0 
0 ,-3 ,-1 ,3 ,0 ,-3 ,1 ,-3 | 0 

R3 --> R3 - 1.4468*R5

-0.294 ,-2.647 ,1.529 ,1.784 ,1.725 ,0 ,0 ,0 | 0 
-3.647 ,-3.824 ,-2.235 ,-4.608 ,-0.137 ,0 ,0 ,0 | 0 
0.851 ,3.596 ,3.511 ,2.681 ,0 ,0 ,0 ,0 | 0 
1.972 ,-5.887 ,-0.284 ,4.177 ,0 ,0 ,0 ,0 | 0 
2.176 ,-0.412 ,-3.118 ,-0.471 ,2.765 ,0 ,0 ,0 | 0 
-3 ,-10 ,-15 ,-3.333 ,9.667 ,-17 ,0 ,0 | 0 
0 ,-3 ,-5 ,-1 ,2 ,-6 ,-1 ,0 | 0 
0 ,-3 ,-1 ,3 ,0 ,-3 ,1 ,-3 | 0 

R2 --> R2 + 0.0496*R5

-0.294 ,-2.647 ,1.529 ,1.784 ,1.725 ,0 ,0 ,0 | 0 
-3.539 ,-3.844 ,-2.39 ,-4.631 ,0 ,0 ,0 ,0 | 0 
0.851 ,3.596 ,3.511 ,2.681 ,0 ,0 ,0 ,0 | 0 
1.972 ,-5.887 ,-0.284 ,4.177 ,0 ,0 ,0 ,0 | 0 
2.176 ,-0.412 ,-3.118 ,-0.471 ,2.765 ,0 ,0 ,0 | 0 
-3 ,-10 ,-15 ,-3.333 ,9.667 ,-17 ,0 ,0 | 0 
0 ,-3 ,-5 ,-1 ,2 ,-6 ,-1 ,0 | 0 
0 ,-3 ,-1 ,3 ,0 ,-3 ,1 ,-3 | 0 

R1 --> R1 - 0.6241*R5

-1.652 ,-2.39 ,3.475 ,2.078 ,0 ,0 ,0 ,0 | 0 
-3.539 ,-3.844 ,-2.39 ,-4.631 ,0 ,0 ,0 ,0 | 0 
0.851 ,3.596 ,3.511 ,2.681 ,0 ,0 ,0 ,0 | 0 
1.972 ,-5.887 ,-0.284 ,4.177 ,0 ,0 ,0 ,0 | 0 
2.176 ,-0.412 ,-3.118 ,-0.471 ,2.765 ,0 ,0 ,0 | 0 
-3 ,-10 ,-15 ,-3.333 ,9.667 ,-17 ,0 ,0 | 0 
0 ,-3 ,-5 ,-1 ,2 ,-6 ,-1 ,0 | 0 
0 ,-3 ,-1 ,3 ,0 ,-3 ,1 ,-3 | 0 

R3 --> R3 - 0.6418*R4

-1.652 ,-2.39 ,3.475 ,2.078 ,0 ,0 ,0 ,0 | 0 
-3.539 ,-3.844 ,-2.39 ,-4.631 ,0 ,0 ,0 ,0 | 0 
-0.414 ,7.374 ,3.693 ,0 ,0 ,0 ,0 ,0 | 0 
1.972 ,-5.887 ,-0.284 ,4.177 ,0 ,0 ,0 ,0 | 0 
2.176 ,-0.412 ,-3.118 ,-0.471 ,2.765 ,0 ,0 ,0 | 0 
-3 ,-10 ,-15 ,-3.333 ,9.667 ,-17 ,0 ,0 | 0 
0 ,-3 ,-5 ,-1 ,2 ,-6 ,-1 ,0 | 0 
0 ,-3 ,-1 ,3 ,0 ,-3 ,1 ,-3 | 0 

R2 --> R2 + 1.1087*R4

-1.652 ,-2.39 ,3.475 ,2.078 ,0 ,0 ,0 ,0 | 0 
-1.353 ,-10.37 ,-2.705 ,0 ,0 ,0 ,0 ,0 | 0 
-0.414 ,7.374 ,3.693 ,0 ,0 ,0 ,0 ,0 | 0 
1.972 ,-5.887 ,-0.284 ,4.177 ,0 ,0 ,0 ,0 | 0 
2.176 ,-0.412 ,-3.118 ,-0.471 ,2.765 ,0 ,0 ,0 | 0 
-3 ,-10 ,-15 ,-3.333 ,9.667 ,-17 ,0 ,0 | 0 
0 ,-3 ,-5 ,-1 ,2 ,-6 ,-1 ,0 | 0 
0 ,-3 ,-1 ,3 ,0 ,-3 ,1 ,-3 | 0 

R1 --> R1 - 0.4975*R4

-2.633 ,0.538 ,3.616 ,0 ,0 ,0 ,0 ,0 | 0 
-1.353 ,-10.37 ,-2.705 ,0 ,0 ,0 ,0 ,0 | 0 
-0.414 ,7.374 ,3.693 ,0 ,0 ,0 ,0 ,0 | 0 
1.972 ,-5.887 ,-0.284 ,4.177 ,0 ,0 ,0 ,0 | 0 
2.176 ,-0.412 ,-3.118 ,-0.471 ,2.765 ,0 ,0 ,0 | 0 
-3 ,-10 ,-15 ,-3.333 ,9.667 ,-17 ,0 ,0 | 0 
0 ,-3 ,-5 ,-1 ,2 ,-6 ,-1 ,0 | 0 
0 ,-3 ,-1 ,3 ,0 ,-3 ,1 ,-3 | 0 

R2 --> R2 + 0.7324*R3

-2.633 ,0.538 ,3.616 ,0 ,0 ,0 ,0 ,0 | 0 
-1.657 ,-4.97 ,0 ,0 ,0 ,0 ,0 ,0 | 0 
-0.414 ,7.374 ,3.693 ,0 ,0 ,0 ,0 ,0 | 0 
1.972 ,-5.887 ,-0.284 ,4.177 ,0 ,0 ,0 ,0 | 0 
2.176 ,-0.412 ,-3.118 ,-0.471 ,2.765 ,0 ,0 ,0 | 0 
-3 ,-10 ,-15 ,-3.333 ,9.667 ,-17 ,0 ,0 | 0 
0 ,-3 ,-5 ,-1 ,2 ,-6 ,-1 ,0 | 0 
0 ,-3 ,-1 ,3 ,0 ,-3 ,1 ,-3 | 0 

R1 --> R1 - 0.9793*R3

-2.228 ,-6.683 ,0 ,0 ,0 ,0 ,0 ,0 | 0 
-1.657 ,-4.97 ,0 ,0 ,0 ,0 ,0 ,0 | 0 
-0.414 ,7.374 ,3.693 ,0 ,0 ,0 ,0 ,0 | 0 
1.972 ,-5.887 ,-0.284 ,4.177 ,0 ,0 ,0 ,0 | 0 
2.176 ,-0.412 ,-3.118 ,-0.471 ,2.765 ,0 ,0 ,0 | 0 
-3 ,-10 ,-15 ,-3.333 ,9.667 ,-17 ,0 ,0 | 0 
0 ,-3 ,-5 ,-1 ,2 ,-6 ,-1 ,0 | 0 
0 ,-3 ,-1 ,3 ,0 ,-3 ,1 ,-3 | 0 

R1 --> R1 - 1.3447*R2

0 ,0 ,0 ,0 ,0 ,0 ,0 ,0 | 0 
-1.657 ,-4.97 ,0 ,0 ,0 ,0 ,0 ,0 | 0 
-0.414 ,7.374 ,3.693 ,0 ,0 ,0 ,0 ,0 | 0 
1.972 ,-5.887 ,-0.284 ,4.177 ,0 ,0 ,0 ,0 | 0 
2.176 ,-0.412 ,-3.118 ,-0.471 ,2.765 ,0 ,0 ,0 | 0 
-3 ,-10 ,-15 ,-3.333 ,9.667 ,-17 ,0 ,0 | 0 
0 ,-3 ,-5 ,-1 ,2 ,-6 ,-1 ,0 | 0 
0 ,-3 ,-1 ,3 ,0 ,-3 ,1 ,-3 | 0 

define new column in b when x1 is free variable in R8:
1 ,0 ,0 ,0 ,0 ,0 ,0 ,0 | 0 ,1 
-1.657 ,-4.97 ,0 ,0 ,0 ,0 ,0 ,0 | 0 ,0 
-0.414 ,7.374 ,3.693 ,0 ,0 ,0 ,0 ,0 | 0 ,0 
1.972 ,-5.887 ,-0.284 ,4.177 ,0 ,0 ,0 ,0 | 0 ,0 
2.176 ,-0.412 ,-3.118 ,-0.471 ,2.765 ,0 ,0 ,0 | 0 ,0 
-3 ,-10 ,-15 ,-3.333 ,9.667 ,-17 ,0 ,0 | 0 ,0 
0 ,-3 ,-5 ,-1 ,2 ,-6 ,-1 ,0 | 0 ,0 
0 ,-3 ,-1 ,3 ,0 ,-3 ,1 ,-3 | 0 ,0 

R2 --> R2 + 1.6566*R1

1 ,0 ,0 ,0 ,0 ,0 ,0 ,0 | 0 ,1 
0 ,-4.97 ,0 ,0 ,0 ,0 ,0 ,0 | 0 ,1.657 
-0.414 ,7.374 ,3.693 ,0 ,0 ,0 ,0 ,0 | 0 ,0 
1.972 ,-5.887 ,-0.284 ,4.177 ,0 ,0 ,0 ,0 | 0 ,0 
2.176 ,-0.412 ,-3.118 ,-0.471 ,2.765 ,0 ,0 ,0 | 0 ,0 
-3 ,-10 ,-15 ,-3.333 ,9.667 ,-17 ,0 ,0 | 0 ,0 
0 ,-3 ,-5 ,-1 ,2 ,-6 ,-1 ,0 | 0 ,0 
0 ,-3 ,-1 ,3 ,0 ,-3 ,1 ,-3 | 0 ,0 

R2 --> -0.2012*R2

1 ,0 ,0 ,0 ,0 ,0 ,0 ,0 | 0 ,1 
0 ,1 ,0 ,0 ,0 ,0 ,0 ,0 | 0 ,-0.333 
-0.414 ,7.374 ,3.693 ,0 ,0 ,0 ,0 ,0 | 0 ,0 
1.972 ,-5.887 ,-0.284 ,4.177 ,0 ,0 ,0 ,0 | 0 ,0 
2.176 ,-0.412 ,-3.118 ,-0.471 ,2.765 ,0 ,0 ,0 | 0 ,0 
-3 ,-10 ,-15 ,-3.333 ,9.667 ,-17 ,0 ,0 | 0 ,0 
0 ,-3 ,-5 ,-1 ,2 ,-6 ,-1 ,0 | 0 ,0 
0 ,-3 ,-1 ,3 ,0 ,-3 ,1 ,-3 | 0 ,0 

R3 --> R3 + 0.4143*R1

1 ,0 ,0 ,0 ,0 ,0 ,0 ,0 | 0 ,1 
0 ,1 ,0 ,0 ,0 ,0 ,0 ,0 | 0 ,-0.333 
0 ,7.374 ,3.693 ,0 ,0 ,0 ,0 ,0 | 0 ,0.414 
1.972 ,-5.887 ,-0.284 ,4.177 ,0 ,0 ,0 ,0 | 0 ,0 
2.176 ,-0.412 ,-3.118 ,-0.471 ,2.765 ,0 ,0 ,0 | 0 ,0 
-3 ,-10 ,-15 ,-3.333 ,9.667 ,-17 ,0 ,0 | 0 ,0 
0 ,-3 ,-5 ,-1 ,2 ,-6 ,-1 ,0 | 0 ,0 
0 ,-3 ,-1 ,3 ,0 ,-3 ,1 ,-3 | 0 ,0 

R4 --> R4 - 1.9716*R1

1 ,0 ,0 ,0 ,0 ,0 ,0 ,0 | 0 ,1 
0 ,1 ,0 ,0 ,0 ,0 ,0 ,0 | 0 ,-0.333 
0 ,7.374 ,3.693 ,0 ,0 ,0 ,0 ,0 | 0 ,0.414 
0 ,-5.887 ,-0.284 ,4.177 ,0 ,0 ,0 ,0 | 0 ,-1.972 
2.176 ,-0.412 ,-3.118 ,-0.471 ,2.765 ,0 ,0 ,0 | 0 ,0 
-3 ,-10 ,-15 ,-3.333 ,9.667 ,-17 ,0 ,0 | 0 ,0 
0 ,-3 ,-5 ,-1 ,2 ,-6 ,-1 ,0 | 0 ,0 
0 ,-3 ,-1 ,3 ,0 ,-3 ,1 ,-3 | 0 ,0 

R5 --> R5 - 2.1765*R1

1 ,0 ,0 ,0 ,0 ,0 ,0 ,0 | 0 ,1 
0 ,1 ,0 ,0 ,0 ,0 ,0 ,0 | 0 ,-0.333 
0 ,7.374 ,3.693 ,0 ,0 ,0 ,0 ,0 | 0 ,0.414 
0 ,-5.887 ,-0.284 ,4.177 ,0 ,0 ,0 ,0 | 0 ,-1.972 
0 ,-0.412 ,-3.118 ,-0.471 ,2.765 ,0 ,0 ,0 | 0 ,-2.176 
-3 ,-10 ,-15 ,-3.333 ,9.667 ,-17 ,0 ,0 | 0 ,0 
0 ,-3 ,-5 ,-1 ,2 ,-6 ,-1 ,0 | 0 ,0 
0 ,-3 ,-1 ,3 ,0 ,-3 ,1 ,-3 | 0 ,0 

R6 --> R6 + 3*R1

1 ,0 ,0 ,0 ,0 ,0 ,0 ,0 | 0 ,1 
0 ,1 ,0 ,0 ,0 ,0 ,0 ,0 | 0 ,-0.333 
0 ,7.374 ,3.693 ,0 ,0 ,0 ,0 ,0 | 0 ,0.414 
0 ,-5.887 ,-0.284 ,4.177 ,0 ,0 ,0 ,0 | 0 ,-1.972 
0 ,-0.412 ,-3.118 ,-0.471 ,2.765 ,0 ,0 ,0 | 0 ,-2.176 
0 ,-10 ,-15 ,-3.333 ,9.667 ,-17 ,0 ,0 | 0 ,3 
0 ,-3 ,-5 ,-1 ,2 ,-6 ,-1 ,0 | 0 ,0 
0 ,-3 ,-1 ,3 ,0 ,-3 ,1 ,-3 | 0 ,0 

R3 --> R3 - 7.3735*R2

1 ,0 ,0 ,0 ,0 ,0 ,0 ,0 | 0 ,1 
0 ,1 ,0 ,0 ,0 ,0 ,0 ,0 | 0 ,-0.333 
0 ,0 ,3.693 ,0 ,0 ,0 ,0 ,0 | 0 ,2.872 
0 ,-5.887 ,-0.284 ,4.177 ,0 ,0 ,0 ,0 | 0 ,-1.972 
0 ,-0.412 ,-3.118 ,-0.471 ,2.765 ,0 ,0 ,0 | 0 ,-2.176 
0 ,-10 ,-15 ,-3.333 ,9.667 ,-17 ,0 ,0 | 0 ,3 
0 ,-3 ,-5 ,-1 ,2 ,-6 ,-1 ,0 | 0 ,0 
0 ,-3 ,-1 ,3 ,0 ,-3 ,1 ,-3 | 0 ,0 

R3 --> 0.2708*R3

1 ,0 ,0 ,0 ,0 ,0 ,0 ,0 | 0 ,1 
0 ,1 ,0 ,0 ,0 ,0 ,0 ,0 | 0 ,-0.333 
0 ,0 ,1 ,0 ,0 ,0 ,0 ,0 | 0 ,0.778 
0 ,-5.887 ,-0.284 ,4.177 ,0 ,0 ,0 ,0 | 0 ,-1.972 
0 ,-0.412 ,-3.118 ,-0.471 ,2.765 ,0 ,0 ,0 | 0 ,-2.176 
0 ,-10 ,-15 ,-3.333 ,9.667 ,-17 ,0 ,0 | 0 ,3 
0 ,-3 ,-5 ,-1 ,2 ,-6 ,-1 ,0 | 0 ,0 
0 ,-3 ,-1 ,3 ,0 ,-3 ,1 ,-3 | 0 ,0 

R4 --> R4 + 5.8865*R2

1 ,0 ,0 ,0 ,0 ,0 ,0 ,0 | 0 ,1 
0 ,1 ,0 ,0 ,0 ,0 ,0 ,0 | 0 ,-0.333 
0 ,0 ,1 ,0 ,0 ,0 ,0 ,0 | 0 ,0.778 
0 ,0 ,-0.284 ,4.177 ,0 ,0 ,0 ,0 | 0 ,-3.934 
0 ,-0.412 ,-3.118 ,-0.471 ,2.765 ,0 ,0 ,0 | 0 ,-2.176 
0 ,-10 ,-15 ,-3.333 ,9.667 ,-17 ,0 ,0 | 0 ,3 
0 ,-3 ,-5 ,-1 ,2 ,-6 ,-1 ,0 | 0 ,0 
0 ,-3 ,-1 ,3 ,0 ,-3 ,1 ,-3 | 0 ,0 

R5 --> R5 + 0.4118*R2

1 ,0 ,0 ,0 ,0 ,0 ,0 ,0 | 0 ,1 
0 ,1 ,0 ,0 ,0 ,0 ,0 ,0 | 0 ,-0.333 
0 ,0 ,1 ,0 ,0 ,0 ,0 ,0 | 0 ,0.778 
0 ,0 ,-0.284 ,4.177 ,0 ,0 ,0 ,0 | 0 ,-3.934 
0 ,0 ,-3.118 ,-0.471 ,2.765 ,0 ,0 ,0 | 0 ,-2.314 
0 ,-10 ,-15 ,-3.333 ,9.667 ,-17 ,0 ,0 | 0 ,3 
0 ,-3 ,-5 ,-1 ,2 ,-6 ,-1 ,0 | 0 ,0 
0 ,-3 ,-1 ,3 ,0 ,-3 ,1 ,-3 | 0 ,0 

R6 --> R6 + 10*R2

1 ,0 ,0 ,0 ,0 ,0 ,0 ,0 | 0 ,1 
0 ,1 ,0 ,0 ,0 ,0 ,0 ,0 | 0 ,-0.333 
0 ,0 ,1 ,0 ,0 ,0 ,0 ,0 | 0 ,0.778 
0 ,0 ,-0.284 ,4.177 ,0 ,0 ,0 ,0 | 0 ,-3.934 
0 ,0 ,-3.118 ,-0.471 ,2.765 ,0 ,0 ,0 | 0 ,-2.314 
0 ,0 ,-15 ,-3.333 ,9.667 ,-17 ,0 ,0 | 0 ,-0.333 
0 ,-3 ,-5 ,-1 ,2 ,-6 ,-1 ,0 | 0 ,0 
0 ,-3 ,-1 ,3 ,0 ,-3 ,1 ,-3 | 0 ,0 

R7 --> R7 + 3*R2

1 ,0 ,0 ,0 ,0 ,0 ,0 ,0 | 0 ,1 
0 ,1 ,0 ,0 ,0 ,0 ,0 ,0 | 0 ,-0.333 
0 ,0 ,1 ,0 ,0 ,0 ,0 ,0 | 0 ,0.778 
0 ,0 ,-0.284 ,4.177 ,0 ,0 ,0 ,0 | 0 ,-3.934 
0 ,0 ,-3.118 ,-0.471 ,2.765 ,0 ,0 ,0 | 0 ,-2.314 
0 ,0 ,-15 ,-3.333 ,9.667 ,-17 ,0 ,0 | 0 ,-0.333 
0 ,0 ,-5 ,-1 ,2 ,-6 ,-1 ,0 | 0 ,-1 
0 ,-3 ,-1 ,3 ,0 ,-3 ,1 ,-3 | 0 ,0 

R8 --> R8 + 3*R2

1 ,0 ,0 ,0 ,0 ,0 ,0 ,0 | 0 ,1 
0 ,1 ,0 ,0 ,0 ,0 ,0 ,0 | 0 ,-0.333 
0 ,0 ,1 ,0 ,0 ,0 ,0 ,0 | 0 ,0.778 
0 ,0 ,-0.284 ,4.177 ,0 ,0 ,0 ,0 | 0 ,-3.934 
0 ,0 ,-3.118 ,-0.471 ,2.765 ,0 ,0 ,0 | 0 ,-2.314 
0 ,0 ,-15 ,-3.333 ,9.667 ,-17 ,0 ,0 | 0 ,-0.333 
0 ,0 ,-5 ,-1 ,2 ,-6 ,-1 ,0 | 0 ,-1 
0 ,0 ,-1 ,3 ,0 ,-3 ,1 ,-3 | 0 ,-1 

R4 --> R4 + 0.2837*R3

1 ,0 ,0 ,0 ,0 ,0 ,0 ,0 | 0 ,1 
0 ,1 ,0 ,0 ,0 ,0 ,0 ,0 | 0 ,-0.333 
0 ,0 ,1 ,0 ,0 ,0 ,0 ,0 | 0 ,0.778 
0 ,0 ,0 ,4.177 ,0 ,0 ,0 ,0 | 0 ,-3.713 
0 ,0 ,-3.118 ,-0.471 ,2.765 ,0 ,0 ,0 | 0 ,-2.314 
0 ,0 ,-15 ,-3.333 ,9.667 ,-17 ,0 ,0 | 0 ,-0.333 
0 ,0 ,-5 ,-1 ,2 ,-6 ,-1 ,0 | 0 ,-1 
0 ,0 ,-1 ,3 ,0 ,-3 ,1 ,-3 | 0 ,-1 

R4 --> 0.2394*R4

1 ,0 ,0 ,0 ,0 ,0 ,0 ,0 | 0 ,1 
0 ,1 ,0 ,0 ,0 ,0 ,0 ,0 | 0 ,-0.333 
0 ,0 ,1 ,0 ,0 ,0 ,0 ,0 | 0 ,0.778 
0 ,0 ,0 ,1 ,0 ,0 ,0 ,0 | 0 ,-0.889 
0 ,0 ,-3.118 ,-0.471 ,2.765 ,0 ,0 ,0 | 0 ,-2.314 
0 ,0 ,-15 ,-3.333 ,9.667 ,-17 ,0 ,0 | 0 ,-0.333 
0 ,0 ,-5 ,-1 ,2 ,-6 ,-1 ,0 | 0 ,-1 
0 ,0 ,-1 ,3 ,0 ,-3 ,1 ,-3 | 0 ,-1 

R5 --> R5 + 3.1176*R3

1 ,0 ,0 ,0 ,0 ,0 ,0 ,0 | 0 ,1 
0 ,1 ,0 ,0 ,0 ,0 ,0 ,0 | 0 ,-0.333 
0 ,0 ,1 ,0 ,0 ,0 ,0 ,0 | 0 ,0.778 
0 ,0 ,0 ,1 ,0 ,0 ,0 ,0 | 0 ,-0.889 
0 ,0 ,0 ,-0.471 ,2.765 ,0 ,0 ,0 | 0 ,0.111 
0 ,0 ,-15 ,-3.333 ,9.667 ,-17 ,0 ,0 | 0 ,-0.333 
0 ,0 ,-5 ,-1 ,2 ,-6 ,-1 ,0 | 0 ,-1 
0 ,0 ,-1 ,3 ,0 ,-3 ,1 ,-3 | 0 ,-1 

R6 --> R6 + 15*R3

1 ,0 ,0 ,0 ,0 ,0 ,0 ,0 | 0 ,1 
0 ,1 ,0 ,0 ,0 ,0 ,0 ,0 | 0 ,-0.333 
0 ,0 ,1 ,0 ,0 ,0 ,0 ,0 | 0 ,0.778 
0 ,0 ,0 ,1 ,0 ,0 ,0 ,0 | 0 ,-0.889 
0 ,0 ,0 ,-0.471 ,2.765 ,0 ,0 ,0 | 0 ,0.111 
0 ,0 ,0 ,-3.333 ,9.667 ,-17 ,0 ,0 | 0 ,11.333 
0 ,0 ,-5 ,-1 ,2 ,-6 ,-1 ,0 | 0 ,-1 
0 ,0 ,-1 ,3 ,0 ,-3 ,1 ,-3 | 0 ,-1 

R7 --> R7 + 5*R3

1 ,0 ,0 ,0 ,0 ,0 ,0 ,0 | 0 ,1 
0 ,1 ,0 ,0 ,0 ,0 ,0 ,0 | 0 ,-0.333 
0 ,0 ,1 ,0 ,0 ,0 ,0 ,0 | 0 ,0.778 
0 ,0 ,0 ,1 ,0 ,0 ,0 ,0 | 0 ,-0.889 
0 ,0 ,0 ,-0.471 ,2.765 ,0 ,0 ,0 | 0 ,0.111 
0 ,0 ,0 ,-3.333 ,9.667 ,-17 ,0 ,0 | 0 ,11.333 
0 ,0 ,0 ,-1 ,2 ,-6 ,-1 ,0 | 0 ,2.889 
0 ,0 ,-1 ,3 ,0 ,-3 ,1 ,-3 | 0 ,-1 

R8 --> R8 + R3

1 ,0 ,0 ,0 ,0 ,0 ,0 ,0 | 0 ,1 
0 ,1 ,0 ,0 ,0 ,0 ,0 ,0 | 0 ,-0.333 
0 ,0 ,1 ,0 ,0 ,0 ,0 ,0 | 0 ,0.778 
0 ,0 ,0 ,1 ,0 ,0 ,0 ,0 | 0 ,-0.889 
0 ,0 ,0 ,-0.471 ,2.765 ,0 ,0 ,0 | 0 ,0.111 
0 ,0 ,0 ,-3.333 ,9.667 ,-17 ,0 ,0 | 0 ,11.333 
0 ,0 ,0 ,-1 ,2 ,-6 ,-1 ,0 | 0 ,2.889 
0 ,0 ,0 ,3 ,0 ,-3 ,1 ,-3 | 0 ,-0.222 

R5 --> R5 + 0.4706*R4

1 ,0 ,0 ,0 ,0 ,0 ,0 ,0 | 0 ,1 
0 ,1 ,0 ,0 ,0 ,0 ,0 ,0 | 0 ,-0.333 
0 ,0 ,1 ,0 ,0 ,0 ,0 ,0 | 0 ,0.778 
0 ,0 ,0 ,1 ,0 ,0 ,0 ,0 | 0 ,-0.889 
0 ,0 ,0 ,0 ,2.765 ,0 ,0 ,0 | 0 ,-0.307 
0 ,0 ,0 ,-3.333 ,9.667 ,-17 ,0 ,0 | 0 ,11.333 
0 ,0 ,0 ,-1 ,2 ,-6 ,-1 ,0 | 0 ,2.889 
0 ,0 ,0 ,3 ,0 ,-3 ,1 ,-3 | 0 ,-0.222 

R5 --> 0.3617*R5

1 ,0 ,0 ,0 ,0 ,0 ,0 ,0 | 0 ,1 
0 ,1 ,0 ,0 ,0 ,0 ,0 ,0 | 0 ,-0.333 
0 ,0 ,1 ,0 ,0 ,0 ,0 ,0 | 0 ,0.778 
0 ,0 ,0 ,1 ,0 ,0 ,0 ,0 | 0 ,-0.889 
0 ,0 ,0 ,0 ,1 ,0 ,0 ,0 | 0 ,-0.111 
0 ,0 ,0 ,-3.333 ,9.667 ,-17 ,0 ,0 | 0 ,11.333 
0 ,0 ,0 ,-1 ,2 ,-6 ,-1 ,0 | 0 ,2.889 
0 ,0 ,0 ,3 ,0 ,-3 ,1 ,-3 | 0 ,-0.222 

R6 --> R6 + 3.3333*R4

1 ,0 ,0 ,0 ,0 ,0 ,0 ,0 | 0 ,1 
0 ,1 ,0 ,0 ,0 ,0 ,0 ,0 | 0 ,-0.333 
0 ,0 ,1 ,0 ,0 ,0 ,0 ,0 | 0 ,0.778 
0 ,0 ,0 ,1 ,0 ,0 ,0 ,0 | 0 ,-0.889 
0 ,0 ,0 ,0 ,1 ,0 ,0 ,0 | 0 ,-0.111 
0 ,0 ,0 ,0 ,9.667 ,-17 ,0 ,0 | 0 ,8.37 
0 ,0 ,0 ,-1 ,2 ,-6 ,-1 ,0 | 0 ,2.889 
0 ,0 ,0 ,3 ,0 ,-3 ,1 ,-3 | 0 ,-0.222 

R7 --> R7 + R4

1 ,0 ,0 ,0 ,0 ,0 ,0 ,0 | 0 ,1 
0 ,1 ,0 ,0 ,0 ,0 ,0 ,0 | 0 ,-0.333 
0 ,0 ,1 ,0 ,0 ,0 ,0 ,0 | 0 ,0.778 
0 ,0 ,0 ,1 ,0 ,0 ,0 ,0 | 0 ,-0.889 
0 ,0 ,0 ,0 ,1 ,0 ,0 ,0 | 0 ,-0.111 
0 ,0 ,0 ,0 ,9.667 ,-17 ,0 ,0 | 0 ,8.37 
0 ,0 ,0 ,0 ,2 ,-6 ,-1 ,0 | 0 ,2 
0 ,0 ,0 ,3 ,0 ,-3 ,1 ,-3 | 0 ,-0.222 

R8 --> R8 - 3*R4

1 ,0 ,0 ,0 ,0 ,0 ,0 ,0 | 0 ,1 
0 ,1 ,0 ,0 ,0 ,0 ,0 ,0 | 0 ,-0.333 
0 ,0 ,1 ,0 ,0 ,0 ,0 ,0 | 0 ,0.778 
0 ,0 ,0 ,1 ,0 ,0 ,0 ,0 | 0 ,-0.889 
0 ,0 ,0 ,0 ,1 ,0 ,0 ,0 | 0 ,-0.111 
0 ,0 ,0 ,0 ,9.667 ,-17 ,0 ,0 | 0 ,8.37 
0 ,0 ,0 ,0 ,2 ,-6 ,-1 ,0 | 0 ,2 
0 ,0 ,0 ,0 ,0 ,-3 ,1 ,-3 | 0 ,2.444 

R6 --> R6 - 9.6667*R5

1 ,0 ,0 ,0 ,0 ,0 ,0 ,0 | 0 ,1 
0 ,1 ,0 ,0 ,0 ,0 ,0 ,0 | 0 ,-0.333 
0 ,0 ,1 ,0 ,0 ,0 ,0 ,0 | 0 ,0.778 
0 ,0 ,0 ,1 ,0 ,0 ,0 ,0 | 0 ,-0.889 
0 ,0 ,0 ,0 ,1 ,0 ,0 ,0 | 0 ,-0.111 
0 ,0 ,0 ,0 ,0 ,-17 ,0 ,0 | 0 ,9.444 
0 ,0 ,0 ,0 ,2 ,-6 ,-1 ,0 | 0 ,2 
0 ,0 ,0 ,0 ,0 ,-3 ,1 ,-3 | 0 ,2.444 

R6 --> -0.0588*R6

1 ,0 ,0 ,0 ,0 ,0 ,0 ,0 | 0 ,1 
0 ,1 ,0 ,0 ,0 ,0 ,0 ,0 | 0 ,-0.333 
0 ,0 ,1 ,0 ,0 ,0 ,0 ,0 | 0 ,0.778 
0 ,0 ,0 ,1 ,0 ,0 ,0 ,0 | 0 ,-0.889 
0 ,0 ,0 ,0 ,1 ,0 ,0 ,0 | 0 ,-0.111 
0 ,0 ,0 ,0 ,0 ,1 ,0 ,0 | 0 ,-0.556 
0 ,0 ,0 ,0 ,2 ,-6 ,-1 ,0 | 0 ,2 
0 ,0 ,0 ,0 ,0 ,-3 ,1 ,-3 | 0 ,2.444 

R7 --> R7 - 2*R5

1 ,0 ,0 ,0 ,0 ,0 ,0 ,0 | 0 ,1 
0 ,1 ,0 ,0 ,0 ,0 ,0 ,0 | 0 ,-0.333 
0 ,0 ,1 ,0 ,0 ,0 ,0 ,0 | 0 ,0.778 
0 ,0 ,0 ,1 ,0 ,0 ,0 ,0 | 0 ,-0.889 
0 ,0 ,0 ,0 ,1 ,0 ,0 ,0 | 0 ,-0.111 
0 ,0 ,0 ,0 ,0 ,1 ,0 ,0 | 0 ,-0.556 
0 ,0 ,0 ,0 ,0 ,-6 ,-1 ,0 | 0 ,2.222 
0 ,0 ,0 ,0 ,0 ,-3 ,1 ,-3 | 0 ,2.444 

R7 --> R7 + 6*R6

1 ,0 ,0 ,0 ,0 ,0 ,0 ,0 | 0 ,1 
0 ,1 ,0 ,0 ,0 ,0 ,0 ,0 | 0 ,-0.333 
0 ,0 ,1 ,0 ,0 ,0 ,0 ,0 | 0 ,0.778 
0 ,0 ,0 ,1 ,0 ,0 ,0 ,0 | 0 ,-0.889 
0 ,0 ,0 ,0 ,1 ,0 ,0 ,0 | 0 ,-0.111 
0 ,0 ,0 ,0 ,0 ,1 ,0 ,0 | 0 ,-0.556 
0 ,0 ,0 ,0 ,0 ,0 ,-1 ,0 | 0 ,-1.111 
0 ,0 ,0 ,0 ,0 ,-3 ,1 ,-3 | 0 ,2.444 

R7 --> - R7

1 ,0 ,0 ,0 ,0 ,0 ,0 ,0 | 0 ,1 
0 ,1 ,0 ,0 ,0 ,0 ,0 ,0 | 0 ,-0.333 
0 ,0 ,1 ,0 ,0 ,0 ,0 ,0 | 0 ,0.778 
0 ,0 ,0 ,1 ,0 ,0 ,0 ,0 | 0 ,-0.889 
0 ,0 ,0 ,0 ,1 ,0 ,0 ,0 | 0 ,-0.111 
0 ,0 ,0 ,0 ,0 ,1 ,0 ,0 | 0 ,-0.556 
0 ,0 ,0 ,0 ,0 ,0 ,1 ,0 | 0 ,1.111 
0 ,0 ,0 ,0 ,0 ,-3 ,1 ,-3 | 0 ,2.444 

R8 --> R8 + 3*R6

1 ,0 ,0 ,0 ,0 ,0 ,0 ,0 | 0 ,1 
0 ,1 ,0 ,0 ,0 ,0 ,0 ,0 | 0 ,-0.333 
0 ,0 ,1 ,0 ,0 ,0 ,0 ,0 | 0 ,0.778 
0 ,0 ,0 ,1 ,0 ,0 ,0 ,0 | 0 ,-0.889 
0 ,0 ,0 ,0 ,1 ,0 ,0 ,0 | 0 ,-0.111 
0 ,0 ,0 ,0 ,0 ,1 ,0 ,0 | 0 ,-0.556 
0 ,0 ,0 ,0 ,0 ,0 ,1 ,0 | 0 ,1.111 
0 ,0 ,0 ,0 ,0 ,0 ,1 ,-3 | 0 ,0.778 

R8 --> R8 - R7

1 ,0 ,0 ,0 ,0 ,0 ,0 ,0 | 0 ,1 
0 ,1 ,0 ,0 ,0 ,0 ,0 ,0 | 0 ,-0.333 
0 ,0 ,1 ,0 ,0 ,0 ,0 ,0 | 0 ,0.778 
0 ,0 ,0 ,1 ,0 ,0 ,0 ,0 | 0 ,-0.889 
0 ,0 ,0 ,0 ,1 ,0 ,0 ,0 | 0 ,-0.111 
0 ,0 ,0 ,0 ,0 ,1 ,0 ,0 | 0 ,-0.556 
0 ,0 ,0 ,0 ,0 ,0 ,1 ,0 | 0 ,1.111 
0 ,0 ,0 ,0 ,0 ,0 ,0 ,-3 | 0 ,-0.333 

R8 --> -0.3333*R8

1 ,0 ,0 ,0 ,0 ,0 ,0 ,0 | 0 ,1 
0 ,1 ,0 ,0 ,0 ,0 ,0 ,0 | 0 ,-0.333 
0 ,0 ,1 ,0 ,0 ,0 ,0 ,0 | 0 ,0.778 
0 ,0 ,0 ,1 ,0 ,0 ,0 ,0 | 0 ,-0.889 
0 ,0 ,0 ,0 ,1 ,0 ,0 ,0 | 0 ,-0.111 
0 ,0 ,0 ,0 ,0 ,1 ,0 ,0 | 0 ,-0.556 
0 ,0 ,0 ,0 ,0 ,0 ,1 ,0 | 0 ,1.111 
0 ,0 ,0 ,0 ,0 ,0 ,0 ,1 | 0 ,0.111 

solution is infinite set of vectors that linear dependent in line: x = s*( 1 , -0.333 , 0.778 , -0.889 , -0.111 , -0.556 , 1.111 , 0.111 )
##################################################################################################################################
Solve The Next System Under Space R8:
eq1: + 4*x1 + 4*x2 - 4*x3 - x4   - 4*x5 -   x6 + 4*x7 -   x8 = 0
eq2:        + 4*x2 - 4*x3 + 4*x4        + 3*x6 +   x7 + 4*x8 = 0
eq3: - 4*x1 + 3*x2 - 3*x3               +   x6 - 2*x7 - 2*x8 = 0
eq4:        + 3*x2 - 2*x3 + 2*x4 + 4*x5                      = 0
eq5: +   x1 -   x2 + 2*x3        - 3*x5 + 2*x6 + 2*x7        = 0
eq6: + 3*x1 - 2*x2        -   x4        + 4*x6 - 4*x7 +   x8 = 0
eq7: - 2*x1 + 3*x2 -   x3 + 3*x4 -   x5 +   x6 + 4*x7 + 4*x8 = 0
eq8: - 4*x1 -   x2        - 4*x4 - 4*x5 - 3*x6 -   x7 - 4*x8 = 0

4 ,4 ,-4 ,-1 ,-4 ,-1 ,4 ,-1 | 0 
0 ,4 ,-4 ,4 ,0 ,3 ,1 ,4 | 0 
-4 ,3 ,-3 ,0 ,0 ,1 ,-2 ,-2 | 0 
0 ,3 ,-2 ,2 ,4 ,0 ,0 ,0 | 0 
1 ,-1 ,2 ,0 ,-3 ,2 ,2 ,0 | 0 
3 ,-2 ,0 ,-1 ,0 ,4 ,-4 ,1 | 0 
-2 ,3 ,-1 ,3 ,-1 ,1 ,4 ,4 | 0 
-4 ,-1 ,0 ,-4 ,-4 ,-3 ,-1 ,-4 | 0 

R7 --> R7 + R8

4 ,4 ,-4 ,-1 ,-4 ,-1 ,4 ,-1 | 0 
0 ,4 ,-4 ,4 ,0 ,3 ,1 ,4 | 0 
-4 ,3 ,-3 ,0 ,0 ,1 ,-2 ,-2 | 0 
0 ,3 ,-2 ,2 ,4 ,0 ,0 ,0 | 0 
1 ,-1 ,2 ,0 ,-3 ,2 ,2 ,0 | 0 
3 ,-2 ,0 ,-1 ,0 ,4 ,-4 ,1 | 0 
-6 ,2 ,-1 ,-1 ,-5 ,-2 ,3 ,0 | 0 
-4 ,-1 ,0 ,-4 ,-4 ,-3 ,-1 ,-4 | 0 

R6 --> R6 + 0.25*R8

4 ,4 ,-4 ,-1 ,-4 ,-1 ,4 ,-1 | 0 
0 ,4 ,-4 ,4 ,0 ,3 ,1 ,4 | 0 
-4 ,3 ,-3 ,0 ,0 ,1 ,-2 ,-2 | 0 
0 ,3 ,-2 ,2 ,4 ,0 ,0 ,0 | 0 
1 ,-1 ,2 ,0 ,-3 ,2 ,2 ,0 | 0 
2 ,-2.25 ,0 ,-2 ,-1 ,3.25 ,-4.25 ,0 | 0 
-6 ,2 ,-1 ,-1 ,-5 ,-2 ,3 ,0 | 0 
-4 ,-1 ,0 ,-4 ,-4 ,-3 ,-1 ,-4 | 0 

R3 --> R3 - 0.5*R8

4 ,4 ,-4 ,-1 ,-4 ,-1 ,4 ,-1 | 0 
0 ,4 ,-4 ,4 ,0 ,3 ,1 ,4 | 0 
-2 ,3.5 ,-3 ,2 ,2 ,2.5 ,-1.5 ,0 | 0 
0 ,3 ,-2 ,2 ,4 ,0 ,0 ,0 | 0 
1 ,-1 ,2 ,0 ,-3 ,2 ,2 ,0 | 0 
2 ,-2.25 ,0 ,-2 ,-1 ,3.25 ,-4.25 ,0 | 0 
-6 ,2 ,-1 ,-1 ,-5 ,-2 ,3 ,0 | 0 
-4 ,-1 ,0 ,-4 ,-4 ,-3 ,-1 ,-4 | 0 

R2 --> R2 + R8

4 ,4 ,-4 ,-1 ,-4 ,-1 ,4 ,-1 | 0 
-4 ,3 ,-4 ,0 ,-4 ,0 ,0 ,0 | 0 
-2 ,3.5 ,-3 ,2 ,2 ,2.5 ,-1.5 ,0 | 0 
0 ,3 ,-2 ,2 ,4 ,0 ,0 ,0 | 0 
1 ,-1 ,2 ,0 ,-3 ,2 ,2 ,0 | 0 
2 ,-2.25 ,0 ,-2 ,-1 ,3.25 ,-4.25 ,0 | 0 
-6 ,2 ,-1 ,-1 ,-5 ,-2 ,3 ,0 | 0 
-4 ,-1 ,0 ,-4 ,-4 ,-3 ,-1 ,-4 | 0 

R1 --> R1 - 0.25*R8

5 ,4.25 ,-4 ,0 ,-3 ,-0.25 ,4.25 ,0 | 0 
-4 ,3 ,-4 ,0 ,-4 ,0 ,0 ,0 | 0 
-2 ,3.5 ,-3 ,2 ,2 ,2.5 ,-1.5 ,0 | 0 
0 ,3 ,-2 ,2 ,4 ,0 ,0 ,0 | 0 
1 ,-1 ,2 ,0 ,-3 ,2 ,2 ,0 | 0 
2 ,-2.25 ,0 ,-2 ,-1 ,3.25 ,-4.25 ,0 | 0 
-6 ,2 ,-1 ,-1 ,-5 ,-2 ,3 ,0 | 0 
-4 ,-1 ,0 ,-4 ,-4 ,-3 ,-1 ,-4 | 0 

R6 --> R6 + 1.4167*R7

5 ,4.25 ,-4 ,0 ,-3 ,-0.25 ,4.25 ,0 | 0 
-4 ,3 ,-4 ,0 ,-4 ,0 ,0 ,0 | 0 
-2 ,3.5 ,-3 ,2 ,2 ,2.5 ,-1.5 ,0 | 0 
0 ,3 ,-2 ,2 ,4 ,0 ,0 ,0 | 0 
1 ,-1 ,2 ,0 ,-3 ,2 ,2 ,0 | 0 
-6.5 ,0.583 ,-1.417 ,-3.417 ,-8.083 ,0.417 ,0 ,0 | 0 
-6 ,2 ,-1 ,-1 ,-5 ,-2 ,3 ,0 | 0 
-4 ,-1 ,0 ,-4 ,-4 ,-3 ,-1 ,-4 | 0 

R5 --> R5 - 0.6667*R7

5 ,4.25 ,-4 ,0 ,-3 ,-0.25 ,4.25 ,0 | 0 
-4 ,3 ,-4 ,0 ,-4 ,0 ,0 ,0 | 0 
-2 ,3.5 ,-3 ,2 ,2 ,2.5 ,-1.5 ,0 | 0 
0 ,3 ,-2 ,2 ,4 ,0 ,0 ,0 | 0 
5 ,-2.333 ,2.667 ,0.667 ,0.333 ,3.333 ,0 ,0 | 0 
-6.5 ,0.583 ,-1.417 ,-3.417 ,-8.083 ,0.417 ,0 ,0 | 0 
-6 ,2 ,-1 ,-1 ,-5 ,-2 ,3 ,0 | 0 
-4 ,-1 ,0 ,-4 ,-4 ,-3 ,-1 ,-4 | 0 

R3 --> R3 + 0.5*R7

5 ,4.25 ,-4 ,0 ,-3 ,-0.25 ,4.25 ,0 | 0 
-4 ,3 ,-4 ,0 ,-4 ,0 ,0 ,0 | 0 
-5 ,4.5 ,-3.5 ,1.5 ,-0.5 ,1.5 ,0 ,0 | 0 
0 ,3 ,-2 ,2 ,4 ,0 ,0 ,0 | 0 
5 ,-2.333 ,2.667 ,0.667 ,0.333 ,3.333 ,0 ,0 | 0 
-6.5 ,0.583 ,-1.417 ,-3.417 ,-8.083 ,0.417 ,0 ,0 | 0 
-6 ,2 ,-1 ,-1 ,-5 ,-2 ,3 ,0 | 0 
-4 ,-1 ,0 ,-4 ,-4 ,-3 ,-1 ,-4 | 0 

R1 --> R1 - 1.4167*R7

13.5 ,1.417 ,-2.583 ,1.417 ,4.083 ,2.583 ,0 ,0 | 0 
-4 ,3 ,-4 ,0 ,-4 ,0 ,0 ,0 | 0 
-5 ,4.5 ,-3.5 ,1.5 ,-0.5 ,1.5 ,0 ,0 | 0 
0 ,3 ,-2 ,2 ,4 ,0 ,0 ,0 | 0 
5 ,-2.333 ,2.667 ,0.667 ,0.333 ,3.333 ,0 ,0 | 0 
-6.5 ,0.583 ,-1.417 ,-3.417 ,-8.083 ,0.417 ,0 ,0 | 0 
-6 ,2 ,-1 ,-1 ,-5 ,-2 ,3 ,0 | 0 
-4 ,-1 ,0 ,-4 ,-4 ,-3 ,-1 ,-4 | 0 

R5 --> R5 - 8*R6

13.5 ,1.417 ,-2.583 ,1.417 ,4.083 ,2.583 ,0 ,0 | 0 
-4 ,3 ,-4 ,0 ,-4 ,0 ,0 ,0 | 0 
-5 ,4.5 ,-3.5 ,1.5 ,-0.5 ,1.5 ,0 ,0 | 0 
0 ,3 ,-2 ,2 ,4 ,0 ,0 ,0 | 0 
57 ,-7 ,14 ,28 ,65 ,0 ,0 ,0 | 0 
-6.5 ,0.583 ,-1.417 ,-3.417 ,-8.083 ,0.417 ,0 ,0 | 0 
-6 ,2 ,-1 ,-1 ,-5 ,-2 ,3 ,0 | 0 
-4 ,-1 ,0 ,-4 ,-4 ,-3 ,-1 ,-4 | 0 

R3 --> R3 - 3.6*R6

13.5 ,1.417 ,-2.583 ,1.417 ,4.083 ,2.583 ,0 ,0 | 0 
-4 ,3 ,-4 ,0 ,-4 ,0 ,0 ,0 | 0 
18.4 ,2.4 ,1.6 ,13.8 ,28.6 ,0 ,0 ,0 | 0 
0 ,3 ,-2 ,2 ,4 ,0 ,0 ,0 | 0 
57 ,-7 ,14 ,28 ,65 ,0 ,0 ,0 | 0 
-6.5 ,0.583 ,-1.417 ,-3.417 ,-8.083 ,0.417 ,0 ,0 | 0 
-6 ,2 ,-1 ,-1 ,-5 ,-2 ,3 ,0 | 0 
-4 ,-1 ,0 ,-4 ,-4 ,-3 ,-1 ,-4 | 0 

R1 --> R1 - 6.2*R6

53.8 ,-2.2 ,6.2 ,22.6 ,54.2 ,0 ,0 ,0 | 0 
-4 ,3 ,-4 ,0 ,-4 ,0 ,0 ,0 | 0 
18.4 ,2.4 ,1.6 ,13.8 ,28.6 ,0 ,0 ,0 | 0 
0 ,3 ,-2 ,2 ,4 ,0 ,0 ,0 | 0 
57 ,-7 ,14 ,28 ,65 ,0 ,0 ,0 | 0 
-6.5 ,0.583 ,-1.417 ,-3.417 ,-8.083 ,0.417 ,0 ,0 | 0 
-6 ,2 ,-1 ,-1 ,-5 ,-2 ,3 ,0 | 0 
-4 ,-1 ,0 ,-4 ,-4 ,-3 ,-1 ,-4 | 0 

R4 --> R4 - 0.0615*R5

53.8 ,-2.2 ,6.2 ,22.6 ,54.2 ,0 ,0 ,0 | 0 
-4 ,3 ,-4 ,0 ,-4 ,0 ,0 ,0 | 0 
18.4 ,2.4 ,1.6 ,13.8 ,28.6 ,0 ,0 ,0 | 0 
-3.508 ,3.431 ,-2.862 ,0.277 ,0 ,0 ,0 ,0 | 0 
57 ,-7 ,14 ,28 ,65 ,0 ,0 ,0 | 0 
-6.5 ,0.583 ,-1.417 ,-3.417 ,-8.083 ,0.417 ,0 ,0 | 0 
-6 ,2 ,-1 ,-1 ,-5 ,-2 ,3 ,0 | 0 
-4 ,-1 ,0 ,-4 ,-4 ,-3 ,-1 ,-4 | 0 

R3 --> R3 - 0.44*R5

53.8 ,-2.2 ,6.2 ,22.6 ,54.2 ,0 ,0 ,0 | 0 
-4 ,3 ,-4 ,0 ,-4 ,0 ,0 ,0 | 0 
-6.68 ,5.48 ,-4.56 ,1.48 ,0 ,0 ,0 ,0 | 0 
-3.508 ,3.431 ,-2.862 ,0.277 ,0 ,0 ,0 ,0 | 0 
57 ,-7 ,14 ,28 ,65 ,0 ,0 ,0 | 0 
-6.5 ,0.583 ,-1.417 ,-3.417 ,-8.083 ,0.417 ,0 ,0 | 0 
-6 ,2 ,-1 ,-1 ,-5 ,-2 ,3 ,0 | 0 
-4 ,-1 ,0 ,-4 ,-4 ,-3 ,-1 ,-4 | 0 

R2 --> R2 + 0.0615*R5

53.8 ,-2.2 ,6.2 ,22.6 ,54.2 ,0 ,0 ,0 | 0 
-0.492 ,2.569 ,-3.138 ,1.723 ,0 ,0 ,0 ,0 | 0 
-6.68 ,5.48 ,-4.56 ,1.48 ,0 ,0 ,0 ,0 | 0 
-3.508 ,3.431 ,-2.862 ,0.277 ,0 ,0 ,0 ,0 | 0 
57 ,-7 ,14 ,28 ,65 ,0 ,0 ,0 | 0 
-6.5 ,0.583 ,-1.417 ,-3.417 ,-8.083 ,0.417 ,0 ,0 | 0 
-6 ,2 ,-1 ,-1 ,-5 ,-2 ,3 ,0 | 0 
-4 ,-1 ,0 ,-4 ,-4 ,-3 ,-1 ,-4 | 0 

R1 --> R1 - 0.8338*R5

6.271 ,3.637 ,-5.474 ,-0.748 ,0 ,0 ,0 ,0 | 0 
-0.492 ,2.569 ,-3.138 ,1.723 ,0 ,0 ,0 ,0 | 0 
-6.68 ,5.48 ,-4.56 ,1.48 ,0 ,0 ,0 ,0 | 0 
-3.508 ,3.431 ,-2.862 ,0.277 ,0 ,0 ,0 ,0 | 0 
57 ,-7 ,14 ,28 ,65 ,0 ,0 ,0 | 0 
-6.5 ,0.583 ,-1.417 ,-3.417 ,-8.083 ,0.417 ,0 ,0 | 0 
-6 ,2 ,-1 ,-1 ,-5 ,-2 ,3 ,0 | 0 
-4 ,-1 ,0 ,-4 ,-4 ,-3 ,-1 ,-4 | 0 

R3 --> R3 - 5.3444*R4

6.271 ,3.637 ,-5.474 ,-0.748 ,0 ,0 ,0 ,0 | 0 
-0.492 ,2.569 ,-3.138 ,1.723 ,0 ,0 ,0 ,0 | 0 
12.067 ,-12.856 ,10.733 ,0 ,0 ,0 ,0 ,0 | 0 
-3.508 ,3.431 ,-2.862 ,0.277 ,0 ,0 ,0 ,0 | 0 
57 ,-7 ,14 ,28 ,65 ,0 ,0 ,0 | 0 
-6.5 ,0.583 ,-1.417 ,-3.417 ,-8.083 ,0.417 ,0 ,0 | 0 
-6 ,2 ,-1 ,-1 ,-5 ,-2 ,3 ,0 | 0 
-4 ,-1 ,0 ,-4 ,-4 ,-3 ,-1 ,-4 | 0 

R2 --> R2 - 6.2222*R4

6.271 ,3.637 ,-5.474 ,-0.748 ,0 ,0 ,0 ,0 | 0 
21.333 ,-18.778 ,14.667 ,0 ,0 ,0 ,0 ,0 | 0 
12.067 ,-12.856 ,10.733 ,0 ,0 ,0 ,0 ,0 | 0 
-3.508 ,3.431 ,-2.862 ,0.277 ,0 ,0 ,0 ,0 | 0 
57 ,-7 ,14 ,28 ,65 ,0 ,0 ,0 | 0 
-6.5 ,0.583 ,-1.417 ,-3.417 ,-8.083 ,0.417 ,0 ,0 | 0 
-6 ,2 ,-1 ,-1 ,-5 ,-2 ,3 ,0 | 0 
-4 ,-1 ,0 ,-4 ,-4 ,-3 ,-1 ,-4 | 0 

R1 --> R1 + 2.7*R4

-3.2 ,12.9 ,-13.2 ,0 ,0 ,0 ,0 ,0 | 0 
21.333 ,-18.778 ,14.667 ,0 ,0 ,0 ,0 ,0 | 0 
12.067 ,-12.856 ,10.733 ,0 ,0 ,0 ,0 ,0 | 0 
-3.508 ,3.431 ,-2.862 ,0.277 ,0 ,0 ,0 ,0 | 0 
57 ,-7 ,14 ,28 ,65 ,0 ,0 ,0 | 0 
-6.5 ,0.583 ,-1.417 ,-3.417 ,-8.083 ,0.417 ,0 ,0 | 0 
-6 ,2 ,-1 ,-1 ,-5 ,-2 ,3 ,0 | 0 
-4 ,-1 ,0 ,-4 ,-4 ,-3 ,-1 ,-4 | 0 

R2 --> R2 - 1.3665*R3

-3.2 ,12.9 ,-13.2 ,0 ,0 ,0 ,0 ,0 | 0 
4.845 ,-1.211 ,0 ,0 ,0 ,0 ,0 ,0 | 0 
12.067 ,-12.856 ,10.733 ,0 ,0 ,0 ,0 ,0 | 0 
-3.508 ,3.431 ,-2.862 ,0.277 ,0 ,0 ,0 ,0 | 0 
57 ,-7 ,14 ,28 ,65 ,0 ,0 ,0 | 0 
-6.5 ,0.583 ,-1.417 ,-3.417 ,-8.083 ,0.417 ,0 ,0 | 0 
-6 ,2 ,-1 ,-1 ,-5 ,-2 ,3 ,0 | 0 
-4 ,-1 ,0 ,-4 ,-4 ,-3 ,-1 ,-4 | 0 

R1 --> R1 + 1.2298*R3

11.64 ,-2.91 ,0 ,0 ,0 ,0 ,0 ,0 | 0 
4.845 ,-1.211 ,0 ,0 ,0 ,0 ,0 ,0 | 0 
12.067 ,-12.856 ,10.733 ,0 ,0 ,0 ,0 ,0 | 0 
-3.508 ,3.431 ,-2.862 ,0.277 ,0 ,0 ,0 ,0 | 0 
57 ,-7 ,14 ,28 ,65 ,0 ,0 ,0 | 0 
-6.5 ,0.583 ,-1.417 ,-3.417 ,-8.083 ,0.417 ,0 ,0 | 0 
-6 ,2 ,-1 ,-1 ,-5 ,-2 ,3 ,0 | 0 
-4 ,-1 ,0 ,-4 ,-4 ,-3 ,-1 ,-4 | 0 

R1 --> R1 - 2.4026*R2

0 ,0 ,0 ,0 ,0 ,0 ,0 ,0 | 0 
4.845 ,-1.211 ,0 ,0 ,0 ,0 ,0 ,0 | 0 
12.067 ,-12.856 ,10.733 ,0 ,0 ,0 ,0 ,0 | 0 
-3.508 ,3.431 ,-2.862 ,0.277 ,0 ,0 ,0 ,0 | 0 
57 ,-7 ,14 ,28 ,65 ,0 ,0 ,0 | 0 
-6.5 ,0.583 ,-1.417 ,-3.417 ,-8.083 ,0.417 ,0 ,0 | 0 
-6 ,2 ,-1 ,-1 ,-5 ,-2 ,3 ,0 | 0 
-4 ,-1 ,0 ,-4 ,-4 ,-3 ,-1 ,-4 | 0 

define new column in b when x1 is free variable in R8:
1 ,0 ,0 ,0 ,0 ,0 ,0 ,0 | 0 ,1 
4.845 ,-1.211 ,0 ,0 ,0 ,0 ,0 ,0 | 0 ,0 
12.067 ,-12.856 ,10.733 ,0 ,0 ,0 ,0 ,0 | 0 ,0 
-3.508 ,3.431 ,-2.862 ,0.277 ,0 ,0 ,0 ,0 | 0 ,0 
57 ,-7 ,14 ,28 ,65 ,0 ,0 ,0 | 0 ,0 
-6.5 ,0.583 ,-1.417 ,-3.417 ,-8.083 ,0.417 ,0 ,0 | 0 ,0 
-6 ,2 ,-1 ,-1 ,-5 ,-2 ,3 ,0 | 0 ,0 
-4 ,-1 ,0 ,-4 ,-4 ,-3 ,-1 ,-4 | 0 ,0 

R2 --> R2 - 4.8447*R1

1 ,0 ,0 ,0 ,0 ,0 ,0 ,0 | 0 ,1 
0 ,-1.211 ,0 ,0 ,0 ,0 ,0 ,0 | 0 ,-4.845 
12.067 ,-12.856 ,10.733 ,0 ,0 ,0 ,0 ,0 | 0 ,0 
-3.508 ,3.431 ,-2.862 ,0.277 ,0 ,0 ,0 ,0 | 0 ,0 
57 ,-7 ,14 ,28 ,65 ,0 ,0 ,0 | 0 ,0 
-6.5 ,0.583 ,-1.417 ,-3.417 ,-8.083 ,0.417 ,0 ,0 | 0 ,0 
-6 ,2 ,-1 ,-1 ,-5 ,-2 ,3 ,0 | 0 ,0 
-4 ,-1 ,0 ,-4 ,-4 ,-3 ,-1 ,-4 | 0 ,0 

R2 --> -0.8256*R2

1 ,0 ,0 ,0 ,0 ,0 ,0 ,0 | 0 ,1 
0 ,1 ,0 ,0 ,0 ,0 ,0 ,0 | 0 ,4 
12.067 ,-12.856 ,10.733 ,0 ,0 ,0 ,0 ,0 | 0 ,0 
-3.508 ,3.431 ,-2.862 ,0.277 ,0 ,0 ,0 ,0 | 0 ,0 
57 ,-7 ,14 ,28 ,65 ,0 ,0 ,0 | 0 ,0 
-6.5 ,0.583 ,-1.417 ,-3.417 ,-8.083 ,0.417 ,0 ,0 | 0 ,0 
-6 ,2 ,-1 ,-1 ,-5 ,-2 ,3 ,0 | 0 ,0 
-4 ,-1 ,0 ,-4 ,-4 ,-3 ,-1 ,-4 | 0 ,0 

R3 --> R3 - 12.0667*R1

1 ,0 ,0 ,0 ,0 ,0 ,0 ,0 | 0 ,1 
0 ,1 ,0 ,0 ,0 ,0 ,0 ,0 | 0 ,4 
0 ,-12.856 ,10.733 ,0 ,0 ,0 ,0 ,0 | 0 ,-12.067 
-3.508 ,3.431 ,-2.862 ,0.277 ,0 ,0 ,0 ,0 | 0 ,0 
57 ,-7 ,14 ,28 ,65 ,0 ,0 ,0 | 0 ,0 
-6.5 ,0.583 ,-1.417 ,-3.417 ,-8.083 ,0.417 ,0 ,0 | 0 ,0 
-6 ,2 ,-1 ,-1 ,-5 ,-2 ,3 ,0 | 0 ,0 
-4 ,-1 ,0 ,-4 ,-4 ,-3 ,-1 ,-4 | 0 ,0 

R4 --> R4 + 3.5077*R1

1 ,0 ,0 ,0 ,0 ,0 ,0 ,0 | 0 ,1 
0 ,1 ,0 ,0 ,0 ,0 ,0 ,0 | 0 ,4 
0 ,-12.856 ,10.733 ,0 ,0 ,0 ,0 ,0 | 0 ,-12.067 
0 ,3.431 ,-2.862 ,0.277 ,0 ,0 ,0 ,0 | 0 ,3.508 
57 ,-7 ,14 ,28 ,65 ,0 ,0 ,0 | 0 ,0 
-6.5 ,0.583 ,-1.417 ,-3.417 ,-8.083 ,0.417 ,0 ,0 | 0 ,0 
-6 ,2 ,-1 ,-1 ,-5 ,-2 ,3 ,0 | 0 ,0 
-4 ,-1 ,0 ,-4 ,-4 ,-3 ,-1 ,-4 | 0 ,0 

R5 --> R5 - 57*R1

1 ,0 ,0 ,0 ,0 ,0 ,0 ,0 | 0 ,1 
0 ,1 ,0 ,0 ,0 ,0 ,0 ,0 | 0 ,4 
0 ,-12.856 ,10.733 ,0 ,0 ,0 ,0 ,0 | 0 ,-12.067 
0 ,3.431 ,-2.862 ,0.277 ,0 ,0 ,0 ,0 | 0 ,3.508 
0 ,-7 ,14 ,28 ,65 ,0 ,0 ,0 | 0 ,-57 
-6.5 ,0.583 ,-1.417 ,-3.417 ,-8.083 ,0.417 ,0 ,0 | 0 ,0 
-6 ,2 ,-1 ,-1 ,-5 ,-2 ,3 ,0 | 0 ,0 
-4 ,-1 ,0 ,-4 ,-4 ,-3 ,-1 ,-4 | 0 ,0 

R6 --> R6 + 6.5*R1

1 ,0 ,0 ,0 ,0 ,0 ,0 ,0 | 0 ,1 
0 ,1 ,0 ,0 ,0 ,0 ,0 ,0 | 0 ,4 
0 ,-12.856 ,10.733 ,0 ,0 ,0 ,0 ,0 | 0 ,-12.067 
0 ,3.431 ,-2.862 ,0.277 ,0 ,0 ,0 ,0 | 0 ,3.508 
0 ,-7 ,14 ,28 ,65 ,0 ,0 ,0 | 0 ,-57 
0 ,0.583 ,-1.417 ,-3.417 ,-8.083 ,0.417 ,0 ,0 | 0 ,6.5 
-6 ,2 ,-1 ,-1 ,-5 ,-2 ,3 ,0 | 0 ,0 
-4 ,-1 ,0 ,-4 ,-4 ,-3 ,-1 ,-4 | 0 ,0 

R7 --> R7 + 6*R1

1 ,0 ,0 ,0 ,0 ,0 ,0 ,0 | 0 ,1 
0 ,1 ,0 ,0 ,0 ,0 ,0 ,0 | 0 ,4 
0 ,-12.856 ,10.733 ,0 ,0 ,0 ,0 ,0 | 0 ,-12.067 
0 ,3.431 ,-2.862 ,0.277 ,0 ,0 ,0 ,0 | 0 ,3.508 
0 ,-7 ,14 ,28 ,65 ,0 ,0 ,0 | 0 ,-57 
0 ,0.583 ,-1.417 ,-3.417 ,-8.083 ,0.417 ,0 ,0 | 0 ,6.5 
0 ,2 ,-1 ,-1 ,-5 ,-2 ,3 ,0 | 0 ,6 
-4 ,-1 ,0 ,-4 ,-4 ,-3 ,-1 ,-4 | 0 ,0 

R8 --> R8 + 4*R1

1 ,0 ,0 ,0 ,0 ,0 ,0 ,0 | 0 ,1 
0 ,1 ,0 ,0 ,0 ,0 ,0 ,0 | 0 ,4 
0 ,-12.856 ,10.733 ,0 ,0 ,0 ,0 ,0 | 0 ,-12.067 
0 ,3.431 ,-2.862 ,0.277 ,0 ,0 ,0 ,0 | 0 ,3.508 
0 ,-7 ,14 ,28 ,65 ,0 ,0 ,0 | 0 ,-57 
0 ,0.583 ,-1.417 ,-3.417 ,-8.083 ,0.417 ,0 ,0 | 0 ,6.5 
0 ,2 ,-1 ,-1 ,-5 ,-2 ,3 ,0 | 0 ,6 
0 ,-1 ,0 ,-4 ,-4 ,-3 ,-1 ,-4 | 0 ,4 

R3 --> R3 + 12.8556*R2

1 ,0 ,0 ,0 ,0 ,0 ,0 ,0 | 0 ,1 
0 ,1 ,0 ,0 ,0 ,0 ,0 ,0 | 0 ,4 
0 ,0 ,10.733 ,0 ,0 ,0 ,0 ,0 | 0 ,39.356 
0 ,3.431 ,-2.862 ,0.277 ,0 ,0 ,0 ,0 | 0 ,3.508 
0 ,-7 ,14 ,28 ,65 ,0 ,0 ,0 | 0 ,-57 
0 ,0.583 ,-1.417 ,-3.417 ,-8.083 ,0.417 ,0 ,0 | 0 ,6.5 
0 ,2 ,-1 ,-1 ,-5 ,-2 ,3 ,0 | 0 ,6 
0 ,-1 ,0 ,-4 ,-4 ,-3 ,-1 ,-4 | 0 ,4 

R3 --> 0.0932*R3

1 ,0 ,0 ,0 ,0 ,0 ,0 ,0 | 0 ,1 
0 ,1 ,0 ,0 ,0 ,0 ,0 ,0 | 0 ,4 
0 ,0 ,1 ,0 ,0 ,0 ,0 ,0 | 0 ,3.667 
0 ,3.431 ,-2.862 ,0.277 ,0 ,0 ,0 ,0 | 0 ,3.508 
0 ,-7 ,14 ,28 ,65 ,0 ,0 ,0 | 0 ,-57 
0 ,0.583 ,-1.417 ,-3.417 ,-8.083 ,0.417 ,0 ,0 | 0 ,6.5 
0 ,2 ,-1 ,-1 ,-5 ,-2 ,3 ,0 | 0 ,6 
0 ,-1 ,0 ,-4 ,-4 ,-3 ,-1 ,-4 | 0 ,4 

R4 --> R4 - 3.4308*R2

1 ,0 ,0 ,0 ,0 ,0 ,0 ,0 | 0 ,1 
0 ,1 ,0 ,0 ,0 ,0 ,0 ,0 | 0 ,4 
0 ,0 ,1 ,0 ,0 ,0 ,0 ,0 | 0 ,3.667 
0 ,0 ,-2.862 ,0.277 ,0 ,0 ,0 ,0 | 0 ,-10.215 
0 ,-7 ,14 ,28 ,65 ,0 ,0 ,0 | 0 ,-57 
0 ,0.583 ,-1.417 ,-3.417 ,-8.083 ,0.417 ,0 ,0 | 0 ,6.5 
0 ,2 ,-1 ,-1 ,-5 ,-2 ,3 ,0 | 0 ,6 
0 ,-1 ,0 ,-4 ,-4 ,-3 ,-1 ,-4 | 0 ,4 

R5 --> R5 + 7*R2

1 ,0 ,0 ,0 ,0 ,0 ,0 ,0 | 0 ,1 
0 ,1 ,0 ,0 ,0 ,0 ,0 ,0 | 0 ,4 
0 ,0 ,1 ,0 ,0 ,0 ,0 ,0 | 0 ,3.667 
0 ,0 ,-2.862 ,0.277 ,0 ,0 ,0 ,0 | 0 ,-10.215 
0 ,0 ,14 ,28 ,65 ,0 ,0 ,0 | 0 ,-29 
0 ,0.583 ,-1.417 ,-3.417 ,-8.083 ,0.417 ,0 ,0 | 0 ,6.5 
0 ,2 ,-1 ,-1 ,-5 ,-2 ,3 ,0 | 0 ,6 
0 ,-1 ,0 ,-4 ,-4 ,-3 ,-1 ,-4 | 0 ,4 

R6 --> R6 - 0.5833*R2

1 ,0 ,0 ,0 ,0 ,0 ,0 ,0 | 0 ,1 
0 ,1 ,0 ,0 ,0 ,0 ,0 ,0 | 0 ,4 
0 ,0 ,1 ,0 ,0 ,0 ,0 ,0 | 0 ,3.667 
0 ,0 ,-2.862 ,0.277 ,0 ,0 ,0 ,0 | 0 ,-10.215 
0 ,0 ,14 ,28 ,65 ,0 ,0 ,0 | 0 ,-29 
0 ,0 ,-1.417 ,-3.417 ,-8.083 ,0.417 ,0 ,0 | 0 ,4.167 
0 ,2 ,-1 ,-1 ,-5 ,-2 ,3 ,0 | 0 ,6 
0 ,-1 ,0 ,-4 ,-4 ,-3 ,-1 ,-4 | 0 ,4 

R7 --> R7 - 2*R2

1 ,0 ,0 ,0 ,0 ,0 ,0 ,0 | 0 ,1 
0 ,1 ,0 ,0 ,0 ,0 ,0 ,0 | 0 ,4 
0 ,0 ,1 ,0 ,0 ,0 ,0 ,0 | 0 ,3.667 
0 ,0 ,-2.862 ,0.277 ,0 ,0 ,0 ,0 | 0 ,-10.215 
0 ,0 ,14 ,28 ,65 ,0 ,0 ,0 | 0 ,-29 
0 ,0 ,-1.417 ,-3.417 ,-8.083 ,0.417 ,0 ,0 | 0 ,4.167 
0 ,0 ,-1 ,-1 ,-5 ,-2 ,3 ,0 | 0 ,-2 
0 ,-1 ,0 ,-4 ,-4 ,-3 ,-1 ,-4 | 0 ,4 

R8 --> R8 + R2

1 ,0 ,0 ,0 ,0 ,0 ,0 ,0 | 0 ,1 
0 ,1 ,0 ,0 ,0 ,0 ,0 ,0 | 0 ,4 
0 ,0 ,1 ,0 ,0 ,0 ,0 ,0 | 0 ,3.667 
0 ,0 ,-2.862 ,0.277 ,0 ,0 ,0 ,0 | 0 ,-10.215 
0 ,0 ,14 ,28 ,65 ,0 ,0 ,0 | 0 ,-29 
0 ,0 ,-1.417 ,-3.417 ,-8.083 ,0.417 ,0 ,0 | 0 ,4.167 
0 ,0 ,-1 ,-1 ,-5 ,-2 ,3 ,0 | 0 ,-2 
0 ,0 ,0 ,-4 ,-4 ,-3 ,-1 ,-4 | 0 ,8 

R4 --> R4 + 2.8615*R3

1 ,0 ,0 ,0 ,0 ,0 ,0 ,0 | 0 ,1 
0 ,1 ,0 ,0 ,0 ,0 ,0 ,0 | 0 ,4 
0 ,0 ,1 ,0 ,0 ,0 ,0 ,0 | 0 ,3.667 
0 ,0 ,0 ,0.277 ,0 ,0 ,0 ,0 | 0 ,0.277 
0 ,0 ,14 ,28 ,65 ,0 ,0 ,0 | 0 ,-29 
0 ,0 ,-1.417 ,-3.417 ,-8.083 ,0.417 ,0 ,0 | 0 ,4.167 
0 ,0 ,-1 ,-1 ,-5 ,-2 ,3 ,0 | 0 ,-2 
0 ,0 ,0 ,-4 ,-4 ,-3 ,-1 ,-4 | 0 ,8 

R4 --> 3.6111*R4

1 ,0 ,0 ,0 ,0 ,0 ,0 ,0 | 0 ,1 
0 ,1 ,0 ,0 ,0 ,0 ,0 ,0 | 0 ,4 
0 ,0 ,1 ,0 ,0 ,0 ,0 ,0 | 0 ,3.667 
0 ,0 ,0 ,1 ,0 ,0 ,0 ,0 | 0 ,1 
0 ,0 ,14 ,28 ,65 ,0 ,0 ,0 | 0 ,-29 
0 ,0 ,-1.417 ,-3.417 ,-8.083 ,0.417 ,0 ,0 | 0 ,4.167 
0 ,0 ,-1 ,-1 ,-5 ,-2 ,3 ,0 | 0 ,-2 
0 ,0 ,0 ,-4 ,-4 ,-3 ,-1 ,-4 | 0 ,8 

R5 --> R5 - 14*R3

1 ,0 ,0 ,0 ,0 ,0 ,0 ,0 | 0 ,1 
0 ,1 ,0 ,0 ,0 ,0 ,0 ,0 | 0 ,4 
0 ,0 ,1 ,0 ,0 ,0 ,0 ,0 | 0 ,3.667 
0 ,0 ,0 ,1 ,0 ,0 ,0 ,0 | 0 ,1 
0 ,0 ,0 ,28 ,65 ,0 ,0 ,0 | 0 ,-80.333 
0 ,0 ,-1.417 ,-3.417 ,-8.083 ,0.417 ,0 ,0 | 0 ,4.167 
0 ,0 ,-1 ,-1 ,-5 ,-2 ,3 ,0 | 0 ,-2 
0 ,0 ,0 ,-4 ,-4 ,-3 ,-1 ,-4 | 0 ,8 

R6 --> R6 + 1.4167*R3

1 ,0 ,0 ,0 ,0 ,0 ,0 ,0 | 0 ,1 
0 ,1 ,0 ,0 ,0 ,0 ,0 ,0 | 0 ,4 
0 ,0 ,1 ,0 ,0 ,0 ,0 ,0 | 0 ,3.667 
0 ,0 ,0 ,1 ,0 ,0 ,0 ,0 | 0 ,1 
0 ,0 ,0 ,28 ,65 ,0 ,0 ,0 | 0 ,-80.333 
0 ,0 ,0 ,-3.417 ,-8.083 ,0.417 ,0 ,0 | 0 ,9.361 
0 ,0 ,-1 ,-1 ,-5 ,-2 ,3 ,0 | 0 ,-2 
0 ,0 ,0 ,-4 ,-4 ,-3 ,-1 ,-4 | 0 ,8 

R7 --> R7 + R3

1 ,0 ,0 ,0 ,0 ,0 ,0 ,0 | 0 ,1 
0 ,1 ,0 ,0 ,0 ,0 ,0 ,0 | 0 ,4 
0 ,0 ,1 ,0 ,0 ,0 ,0 ,0 | 0 ,3.667 
0 ,0 ,0 ,1 ,0 ,0 ,0 ,0 | 0 ,1 
0 ,0 ,0 ,28 ,65 ,0 ,0 ,0 | 0 ,-80.333 
0 ,0 ,0 ,-3.417 ,-8.083 ,0.417 ,0 ,0 | 0 ,9.361 
0 ,0 ,0 ,-1 ,-5 ,-2 ,3 ,0 | 0 ,1.667 
0 ,0 ,0 ,-4 ,-4 ,-3 ,-1 ,-4 | 0 ,8 

R5 --> R5 - 28*R4

1 ,0 ,0 ,0 ,0 ,0 ,0 ,0 | 0 ,1 
0 ,1 ,0 ,0 ,0 ,0 ,0 ,0 | 0 ,4 
0 ,0 ,1 ,0 ,0 ,0 ,0 ,0 | 0 ,3.667 
0 ,0 ,0 ,1 ,0 ,0 ,0 ,0 | 0 ,1 
0 ,0 ,0 ,0 ,65 ,0 ,0 ,0 | 0 ,-108.333 
0 ,0 ,0 ,-3.417 ,-8.083 ,0.417 ,0 ,0 | 0 ,9.361 
0 ,0 ,0 ,-1 ,-5 ,-2 ,3 ,0 | 0 ,1.667 
0 ,0 ,0 ,-4 ,-4 ,-3 ,-1 ,-4 | 0 ,8 

R5 --> 0.0154*R5

1 ,0 ,0 ,0 ,0 ,0 ,0 ,0 | 0 ,1 
0 ,1 ,0 ,0 ,0 ,0 ,0 ,0 | 0 ,4 
0 ,0 ,1 ,0 ,0 ,0 ,0 ,0 | 0 ,3.667 
0 ,0 ,0 ,1 ,0 ,0 ,0 ,0 | 0 ,1 
0 ,0 ,0 ,0 ,1 ,0 ,0 ,0 | 0 ,-1.667 
0 ,0 ,0 ,-3.417 ,-8.083 ,0.417 ,0 ,0 | 0 ,9.361 
0 ,0 ,0 ,-1 ,-5 ,-2 ,3 ,0 | 0 ,1.667 
0 ,0 ,0 ,-4 ,-4 ,-3 ,-1 ,-4 | 0 ,8 

R6 --> R6 + 3.4167*R4

1 ,0 ,0 ,0 ,0 ,0 ,0 ,0 | 0 ,1 
0 ,1 ,0 ,0 ,0 ,0 ,0 ,0 | 0 ,4 
0 ,0 ,1 ,0 ,0 ,0 ,0 ,0 | 0 ,3.667 
0 ,0 ,0 ,1 ,0 ,0 ,0 ,0 | 0 ,1 
0 ,0 ,0 ,0 ,1 ,0 ,0 ,0 | 0 ,-1.667 
0 ,0 ,0 ,0 ,-8.083 ,0.417 ,0 ,0 | 0 ,12.778 
0 ,0 ,0 ,-1 ,-5 ,-2 ,3 ,0 | 0 ,1.667 
0 ,0 ,0 ,-4 ,-4 ,-3 ,-1 ,-4 | 0 ,8 

R7 --> R7 + R4

1 ,0 ,0 ,0 ,0 ,0 ,0 ,0 | 0 ,1 
0 ,1 ,0 ,0 ,0 ,0 ,0 ,0 | 0 ,4 
0 ,0 ,1 ,0 ,0 ,0 ,0 ,0 | 0 ,3.667 
0 ,0 ,0 ,1 ,0 ,0 ,0 ,0 | 0 ,1 
0 ,0 ,0 ,0 ,1 ,0 ,0 ,0 | 0 ,-1.667 
0 ,0 ,0 ,0 ,-8.083 ,0.417 ,0 ,0 | 0 ,12.778 
0 ,0 ,0 ,0 ,-5 ,-2 ,3 ,0 | 0 ,2.667 
0 ,0 ,0 ,-4 ,-4 ,-3 ,-1 ,-4 | 0 ,8 

R8 --> R8 + 4*R4

1 ,0 ,0 ,0 ,0 ,0 ,0 ,0 | 0 ,1 
0 ,1 ,0 ,0 ,0 ,0 ,0 ,0 | 0 ,4 
0 ,0 ,1 ,0 ,0 ,0 ,0 ,0 | 0 ,3.667 
0 ,0 ,0 ,1 ,0 ,0 ,0 ,0 | 0 ,1 
0 ,0 ,0 ,0 ,1 ,0 ,0 ,0 | 0 ,-1.667 
0 ,0 ,0 ,0 ,-8.083 ,0.417 ,0 ,0 | 0 ,12.778 
0 ,0 ,0 ,0 ,-5 ,-2 ,3 ,0 | 0 ,2.667 
0 ,0 ,0 ,0 ,-4 ,-3 ,-1 ,-4 | 0 ,12 

R6 --> R6 + 8.0833*R5

1 ,0 ,0 ,0 ,0 ,0 ,0 ,0 | 0 ,1 
0 ,1 ,0 ,0 ,0 ,0 ,0 ,0 | 0 ,4 
0 ,0 ,1 ,0 ,0 ,0 ,0 ,0 | 0 ,3.667 
0 ,0 ,0 ,1 ,0 ,0 ,0 ,0 | 0 ,1 
0 ,0 ,0 ,0 ,1 ,0 ,0 ,0 | 0 ,-1.667 
0 ,0 ,0 ,0 ,0 ,0.417 ,0 ,0 | 0 ,-0.694 
0 ,0 ,0 ,0 ,-5 ,-2 ,3 ,0 | 0 ,2.667 
0 ,0 ,0 ,0 ,-4 ,-3 ,-1 ,-4 | 0 ,12 

R6 --> 2.4*R6

1 ,0 ,0 ,0 ,0 ,0 ,0 ,0 | 0 ,1 
0 ,1 ,0 ,0 ,0 ,0 ,0 ,0 | 0 ,4 
0 ,0 ,1 ,0 ,0 ,0 ,0 ,0 | 0 ,3.667 
0 ,0 ,0 ,1 ,0 ,0 ,0 ,0 | 0 ,1 
0 ,0 ,0 ,0 ,1 ,0 ,0 ,0 | 0 ,-1.667 
0 ,0 ,0 ,0 ,0 ,1 ,0 ,0 | 0 ,-1.667 
0 ,0 ,0 ,0 ,-5 ,-2 ,3 ,0 | 0 ,2.667 
0 ,0 ,0 ,0 ,-4 ,-3 ,-1 ,-4 | 0 ,12 

R7 --> R7 + 5*R5

1 ,0 ,0 ,0 ,0 ,0 ,0 ,0 | 0 ,1 
0 ,1 ,0 ,0 ,0 ,0 ,0 ,0 | 0 ,4 
0 ,0 ,1 ,0 ,0 ,0 ,0 ,0 | 0 ,3.667 
0 ,0 ,0 ,1 ,0 ,0 ,0 ,0 | 0 ,1 
0 ,0 ,0 ,0 ,1 ,0 ,0 ,0 | 0 ,-1.667 
0 ,0 ,0 ,0 ,0 ,1 ,0 ,0 | 0 ,-1.667 
0 ,0 ,0 ,0 ,0 ,-2 ,3 ,0 | 0 ,-5.667 
0 ,0 ,0 ,0 ,-4 ,-3 ,-1 ,-4 | 0 ,12 

R8 --> R8 + 4*R5

1 ,0 ,0 ,0 ,0 ,0 ,0 ,0 | 0 ,1 
0 ,1 ,0 ,0 ,0 ,0 ,0 ,0 | 0 ,4 
0 ,0 ,1 ,0 ,0 ,0 ,0 ,0 | 0 ,3.667 
0 ,0 ,0 ,1 ,0 ,0 ,0 ,0 | 0 ,1 
0 ,0 ,0 ,0 ,1 ,0 ,0 ,0 | 0 ,-1.667 
0 ,0 ,0 ,0 ,0 ,1 ,0 ,0 | 0 ,-1.667 
0 ,0 ,0 ,0 ,0 ,-2 ,3 ,0 | 0 ,-5.667 
0 ,0 ,0 ,0 ,0 ,-3 ,-1 ,-4 | 0 ,5.333 

R7 --> R7 + 2*R6

1 ,0 ,0 ,0 ,0 ,0 ,0 ,0 | 0 ,1 
0 ,1 ,0 ,0 ,0 ,0 ,0 ,0 | 0 ,4 
0 ,0 ,1 ,0 ,0 ,0 ,0 ,0 | 0 ,3.667 
0 ,0 ,0 ,1 ,0 ,0 ,0 ,0 | 0 ,1 
0 ,0 ,0 ,0 ,1 ,0 ,0 ,0 | 0 ,-1.667 
0 ,0 ,0 ,0 ,0 ,1 ,0 ,0 | 0 ,-1.667 
0 ,0 ,0 ,0 ,0 ,0 ,3 ,0 | 0 ,-9 
0 ,0 ,0 ,0 ,0 ,-3 ,-1 ,-4 | 0 ,5.333 

R7 --> 0.3333*R7

1 ,0 ,0 ,0 ,0 ,0 ,0 ,0 | 0 ,1 
0 ,1 ,0 ,0 ,0 ,0 ,0 ,0 | 0 ,4 
0 ,0 ,1 ,0 ,0 ,0 ,0 ,0 | 0 ,3.667 
0 ,0 ,0 ,1 ,0 ,0 ,0 ,0 | 0 ,1 
0 ,0 ,0 ,0 ,1 ,0 ,0 ,0 | 0 ,-1.667 
0 ,0 ,0 ,0 ,0 ,1 ,0 ,0 | 0 ,-1.667 
0 ,0 ,0 ,0 ,0 ,0 ,1 ,0 | 0 ,-3 
0 ,0 ,0 ,0 ,0 ,-3 ,-1 ,-4 | 0 ,5.333 

R8 --> R8 + 3*R6

1 ,0 ,0 ,0 ,0 ,0 ,0 ,0 | 0 ,1 
0 ,1 ,0 ,0 ,0 ,0 ,0 ,0 | 0 ,4 
0 ,0 ,1 ,0 ,0 ,0 ,0 ,0 | 0 ,3.667 
0 ,0 ,0 ,1 ,0 ,0 ,0 ,0 | 0 ,1 
0 ,0 ,0 ,0 ,1 ,0 ,0 ,0 | 0 ,-1.667 
0 ,0 ,0 ,0 ,0 ,1 ,0 ,0 | 0 ,-1.667 
0 ,0 ,0 ,0 ,0 ,0 ,1 ,0 | 0 ,-3 
0 ,0 ,0 ,0 ,0 ,0 ,-1 ,-4 | 0 ,0.333 

R8 --> R8 + R7

1 ,0 ,0 ,0 ,0 ,0 ,0 ,0 | 0 ,1 
0 ,1 ,0 ,0 ,0 ,0 ,0 ,0 | 0 ,4 
0 ,0 ,1 ,0 ,0 ,0 ,0 ,0 | 0 ,3.667 
0 ,0 ,0 ,1 ,0 ,0 ,0 ,0 | 0 ,1 
0 ,0 ,0 ,0 ,1 ,0 ,0 ,0 | 0 ,-1.667 
0 ,0 ,0 ,0 ,0 ,1 ,0 ,0 | 0 ,-1.667 
0 ,0 ,0 ,0 ,0 ,0 ,1 ,0 | 0 ,-3 
0 ,0 ,0 ,0 ,0 ,0 ,0 ,-4 | 0 ,-2.667 

R8 --> -0.25*R8

1 ,0 ,0 ,0 ,0 ,0 ,0 ,0 | 0 ,1 
0 ,1 ,0 ,0 ,0 ,0 ,0 ,0 | 0 ,4 
0 ,0 ,1 ,0 ,0 ,0 ,0 ,0 | 0 ,3.667 
0 ,0 ,0 ,1 ,0 ,0 ,0 ,0 | 0 ,1 
0 ,0 ,0 ,0 ,1 ,0 ,0 ,0 | 0 ,-1.667 
0 ,0 ,0 ,0 ,0 ,1 ,0 ,0 | 0 ,-1.667 
0 ,0 ,0 ,0 ,0 ,0 ,1 ,0 | 0 ,-3 
0 ,0 ,0 ,0 ,0 ,0 ,0 ,1 | 0 ,0.667 

solution is infinite set of vectors that linear dependent in line: x = s*( 1 , 4 , 3.667 , 1 , -1.667 , -1.667 , -3 , 0.667 )
##################################################################################################################################
Solve The Next System Under Space R8:
eq1:        -   x2 -   x3                      +   x7        = 0
eq2: +   x1 + 3*x2               - 2*x5 -   x6               = 0
eq3: +   x1 + 2*x2 - 2*x3 +   x4               -   x7 -   x8 = 0
eq4: - 3*x1 -   x2 + 3*x3 + 3*x4 - 3*x5        + 2*x7 + 2*x8 = 0
eq5: - 2*x1 + 3*x2 -   x3 - 2*x4 +   x5 + 2*x6 - 3*x7 - 3*x8 = 0
eq6: -   x1        - 2*x3 - 2*x4 +   x5 - 3*x6 +   x7 +   x8 = 0
eq7: - 2*x1        - 3*x3        + 3*x5        -   x7 - 2*x8 = 0
eq8: -   x1 - 2*x2 -   x3 - 3*x4 + 3*x5 - 2*x6 - 2*x7 + 3*x8 = 0

0 ,-1 ,-1 ,0 ,0 ,0 ,1 ,0 | 0 
1 ,3 ,0 ,0 ,-2 ,-1 ,0 ,0 | 0 
1 ,2 ,-2 ,1 ,0 ,0 ,-1 ,-1 | 0 
-3 ,-1 ,3 ,3 ,-3 ,0 ,2 ,2 | 0 
-2 ,3 ,-1 ,-2 ,1 ,2 ,-3 ,-3 | 0 
-1 ,0 ,-2 ,-2 ,1 ,-3 ,1 ,1 | 0 
-2 ,0 ,-3 ,0 ,3 ,0 ,-1 ,-2 | 0 
-1 ,-2 ,-1 ,-3 ,3 ,-2 ,-2 ,3 | 0 

R7 --> R7 + 0.6667*R8

0 ,-1 ,-1 ,0 ,0 ,0 ,1 ,0 | 0 
1 ,3 ,0 ,0 ,-2 ,-1 ,0 ,0 | 0 
1 ,2 ,-2 ,1 ,0 ,0 ,-1 ,-1 | 0 
-3 ,-1 ,3 ,3 ,-3 ,0 ,2 ,2 | 0 
-2 ,3 ,-1 ,-2 ,1 ,2 ,-3 ,-3 | 0 
-1 ,0 ,-2 ,-2 ,1 ,-3 ,1 ,1 | 0 
-2.667 ,-1.333 ,-3.667 ,-2 ,5 ,-1.333 ,-2.333 ,0 | 0 
-1 ,-2 ,-1 ,-3 ,3 ,-2 ,-2 ,3 | 0 

R6 --> R6 - 0.3333*R8

0 ,-1 ,-1 ,0 ,0 ,0 ,1 ,0 | 0 
1 ,3 ,0 ,0 ,-2 ,-1 ,0 ,0 | 0 
1 ,2 ,-2 ,1 ,0 ,0 ,-1 ,-1 | 0 
-3 ,-1 ,3 ,3 ,-3 ,0 ,2 ,2 | 0 
-2 ,3 ,-1 ,-2 ,1 ,2 ,-3 ,-3 | 0 
-0.667 ,0.667 ,-1.667 ,-1 ,0 ,-2.333 ,1.667 ,0 | 0 
-2.667 ,-1.333 ,-3.667 ,-2 ,5 ,-1.333 ,-2.333 ,0 | 0 
-1 ,-2 ,-1 ,-3 ,3 ,-2 ,-2 ,3 | 0 

R5 --> R5 + R8

0 ,-1 ,-1 ,0 ,0 ,0 ,1 ,0 | 0 
1 ,3 ,0 ,0 ,-2 ,-1 ,0 ,0 | 0 
1 ,2 ,-2 ,1 ,0 ,0 ,-1 ,-1 | 0 
-3 ,-1 ,3 ,3 ,-3 ,0 ,2 ,2 | 0 
-3 ,1 ,-2 ,-5 ,4 ,0 ,-5 ,0 | 0 
-0.667 ,0.667 ,-1.667 ,-1 ,0 ,-2.333 ,1.667 ,0 | 0 
-2.667 ,-1.333 ,-3.667 ,-2 ,5 ,-1.333 ,-2.333 ,0 | 0 
-1 ,-2 ,-1 ,-3 ,3 ,-2 ,-2 ,3 | 0 

R4 --> R4 - 0.6667*R8

0 ,-1 ,-1 ,0 ,0 ,0 ,1 ,0 | 0 
1 ,3 ,0 ,0 ,-2 ,-1 ,0 ,0 | 0 
1 ,2 ,-2 ,1 ,0 ,0 ,-1 ,-1 | 0 
-2.333 ,0.333 ,3.667 ,5 ,-5 ,1.333 ,3.333 ,0 | 0 
-3 ,1 ,-2 ,-5 ,4 ,0 ,-5 ,0 | 0 
-0.667 ,0.667 ,-1.667 ,-1 ,0 ,-2.333 ,1.667 ,0 | 0 
-2.667 ,-1.333 ,-3.667 ,-2 ,5 ,-1.333 ,-2.333 ,0 | 0 
-1 ,-2 ,-1 ,-3 ,3 ,-2 ,-2 ,3 | 0 

R3 --> R3 + 0.3333*R8

0 ,-1 ,-1 ,0 ,0 ,0 ,1 ,0 | 0 
1 ,3 ,0 ,0 ,-2 ,-1 ,0 ,0 | 0 
0.667 ,1.333 ,-2.333 ,0 ,1 ,-0.667 ,-1.667 ,0 | 0 
-2.333 ,0.333 ,3.667 ,5 ,-5 ,1.333 ,3.333 ,0 | 0 
-3 ,1 ,-2 ,-5 ,4 ,0 ,-5 ,0 | 0 
-0.667 ,0.667 ,-1.667 ,-1 ,0 ,-2.333 ,1.667 ,0 | 0 
-2.667 ,-1.333 ,-3.667 ,-2 ,5 ,-1.333 ,-2.333 ,0 | 0 
-1 ,-2 ,-1 ,-3 ,3 ,-2 ,-2 ,3 | 0 

R6 --> R6 + 0.7143*R7

0 ,-1 ,-1 ,0 ,0 ,0 ,1 ,0 | 0 
1 ,3 ,0 ,0 ,-2 ,-1 ,0 ,0 | 0 
0.667 ,1.333 ,-2.333 ,0 ,1 ,-0.667 ,-1.667 ,0 | 0 
-2.333 ,0.333 ,3.667 ,5 ,-5 ,1.333 ,3.333 ,0 | 0 
-3 ,1 ,-2 ,-5 ,4 ,0 ,-5 ,0 | 0 
-2.571 ,-0.286 ,-4.286 ,-2.429 ,3.571 ,-3.286 ,0 ,0 | 0 
-2.667 ,-1.333 ,-3.667 ,-2 ,5 ,-1.333 ,-2.333 ,0 | 0 
-1 ,-2 ,-1 ,-3 ,3 ,-2 ,-2 ,3 | 0 

R5 --> R5 - 2.1429*R7

0 ,-1 ,-1 ,0 ,0 ,0 ,1 ,0 | 0 
1 ,3 ,0 ,0 ,-2 ,-1 ,0 ,0 | 0 
0.667 ,1.333 ,-2.333 ,0 ,1 ,-0.667 ,-1.667 ,0 | 0 
-2.333 ,0.333 ,3.667 ,5 ,-5 ,1.333 ,3.333 ,0 | 0 
2.714 ,3.857 ,5.857 ,-0.714 ,-6.714 ,2.857 ,0 ,0 | 0 
-2.571 ,-0.286 ,-4.286 ,-2.429 ,3.571 ,-3.286 ,0 ,0 | 0 
-2.667 ,-1.333 ,-3.667 ,-2 ,5 ,-1.333 ,-2.333 ,0 | 0 
-1 ,-2 ,-1 ,-3 ,3 ,-2 ,-2 ,3 | 0 

R4 --> R4 + 1.4286*R7

0 ,-1 ,-1 ,0 ,0 ,0 ,1 ,0 | 0 
1 ,3 ,0 ,0 ,-2 ,-1 ,0 ,0 | 0 
0.667 ,1.333 ,-2.333 ,0 ,1 ,-0.667 ,-1.667 ,0 | 0 
-6.143 ,-1.571 ,-1.571 ,2.143 ,2.143 ,-0.571 ,0 ,0 | 0 
2.714 ,3.857 ,5.857 ,-0.714 ,-6.714 ,2.857 ,0 ,0 | 0 
-2.571 ,-0.286 ,-4.286 ,-2.429 ,3.571 ,-3.286 ,0 ,0 | 0 
-2.667 ,-1.333 ,-3.667 ,-2 ,5 ,-1.333 ,-2.333 ,0 | 0 
-1 ,-2 ,-1 ,-3 ,3 ,-2 ,-2 ,3 | 0 

R3 --> R3 - 0.7143*R7

0 ,-1 ,-1 ,0 ,0 ,0 ,1 ,0 | 0 
1 ,3 ,0 ,0 ,-2 ,-1 ,0 ,0 | 0 
2.571 ,2.286 ,0.286 ,1.429 ,-2.571 ,0.286 ,0 ,0 | 0 
-6.143 ,-1.571 ,-1.571 ,2.143 ,2.143 ,-0.571 ,0 ,0 | 0 
2.714 ,3.857 ,5.857 ,-0.714 ,-6.714 ,2.857 ,0 ,0 | 0 
-2.571 ,-0.286 ,-4.286 ,-2.429 ,3.571 ,-3.286 ,0 ,0 | 0 
-2.667 ,-1.333 ,-3.667 ,-2 ,5 ,-1.333 ,-2.333 ,0 | 0 
-1 ,-2 ,-1 ,-3 ,3 ,-2 ,-2 ,3 | 0 

R1 --> R1 + 0.4286*R7

-1.143 ,-1.571 ,-2.571 ,-0.857 ,2.143 ,-0.571 ,0 ,0 | 0 
1 ,3 ,0 ,0 ,-2 ,-1 ,0 ,0 | 0 
2.571 ,2.286 ,0.286 ,1.429 ,-2.571 ,0.286 ,0 ,0 | 0 
-6.143 ,-1.571 ,-1.571 ,2.143 ,2.143 ,-0.571 ,0 ,0 | 0 
2.714 ,3.857 ,5.857 ,-0.714 ,-6.714 ,2.857 ,0 ,0 | 0 
-2.571 ,-0.286 ,-4.286 ,-2.429 ,3.571 ,-3.286 ,0 ,0 | 0 
-2.667 ,-1.333 ,-3.667 ,-2 ,5 ,-1.333 ,-2.333 ,0 | 0 
-1 ,-2 ,-1 ,-3 ,3 ,-2 ,-2 ,3 | 0 

R5 --> R5 + 0.8696*R6

-1.143 ,-1.571 ,-2.571 ,-0.857 ,2.143 ,-0.571 ,0 ,0 | 0 
1 ,3 ,0 ,0 ,-2 ,-1 ,0 ,0 | 0 
2.571 ,2.286 ,0.286 ,1.429 ,-2.571 ,0.286 ,0 ,0 | 0 
-6.143 ,-1.571 ,-1.571 ,2.143 ,2.143 ,-0.571 ,0 ,0 | 0 
0.478 ,3.609 ,2.13 ,-2.826 ,-3.609 ,0 ,0 ,0 | 0 
-2.571 ,-0.286 ,-4.286 ,-2.429 ,3.571 ,-3.286 ,0 ,0 | 0 
-2.667 ,-1.333 ,-3.667 ,-2 ,5 ,-1.333 ,-2.333 ,0 | 0 
-1 ,-2 ,-1 ,-3 ,3 ,-2 ,-2 ,3 | 0 

R4 --> R4 - 0.1739*R6

-1.143 ,-1.571 ,-2.571 ,-0.857 ,2.143 ,-0.571 ,0 ,0 | 0 
1 ,3 ,0 ,0 ,-2 ,-1 ,0 ,0 | 0 
2.571 ,2.286 ,0.286 ,1.429 ,-2.571 ,0.286 ,0 ,0 | 0 
-5.696 ,-1.522 ,-0.826 ,2.565 ,1.522 ,0 ,0 ,0 | 0 
0.478 ,3.609 ,2.13 ,-2.826 ,-3.609 ,0 ,0 ,0 | 0 
-2.571 ,-0.286 ,-4.286 ,-2.429 ,3.571 ,-3.286 ,0 ,0 | 0 
-2.667 ,-1.333 ,-3.667 ,-2 ,5 ,-1.333 ,-2.333 ,0 | 0 
-1 ,-2 ,-1 ,-3 ,3 ,-2 ,-2 ,3 | 0 

R3 --> R3 + 0.087*R6

-1.143 ,-1.571 ,-2.571 ,-0.857 ,2.143 ,-0.571 ,0 ,0 | 0 
1 ,3 ,0 ,0 ,-2 ,-1 ,0 ,0 | 0 
2.348 ,2.261 ,-0.087 ,1.217 ,-2.261 ,0 ,0 ,0 | 0 
-5.696 ,-1.522 ,-0.826 ,2.565 ,1.522 ,0 ,0 ,0 | 0 
0.478 ,3.609 ,2.13 ,-2.826 ,-3.609 ,0 ,0 ,0 | 0 
-2.571 ,-0.286 ,-4.286 ,-2.429 ,3.571 ,-3.286 ,0 ,0 | 0 
-2.667 ,-1.333 ,-3.667 ,-2 ,5 ,-1.333 ,-2.333 ,0 | 0 
-1 ,-2 ,-1 ,-3 ,3 ,-2 ,-2 ,3 | 0 

R2 --> R2 - 0.3043*R6

-1.143 ,-1.571 ,-2.571 ,-0.857 ,2.143 ,-0.571 ,0 ,0 | 0 
1.783 ,3.087 ,1.304 ,0.739 ,-3.087 ,0 ,0 ,0 | 0 
2.348 ,2.261 ,-0.087 ,1.217 ,-2.261 ,0 ,0 ,0 | 0 
-5.696 ,-1.522 ,-0.826 ,2.565 ,1.522 ,0 ,0 ,0 | 0 
0.478 ,3.609 ,2.13 ,-2.826 ,-3.609 ,0 ,0 ,0 | 0 
-2.571 ,-0.286 ,-4.286 ,-2.429 ,3.571 ,-3.286 ,0 ,0 | 0 
-2.667 ,-1.333 ,-3.667 ,-2 ,5 ,-1.333 ,-2.333 ,0 | 0 
-1 ,-2 ,-1 ,-3 ,3 ,-2 ,-2 ,3 | 0 

R1 --> R1 - 0.1739*R6

-0.696 ,-1.522 ,-1.826 ,-0.435 ,1.522 ,0 ,0 ,0 | 0 
1.783 ,3.087 ,1.304 ,0.739 ,-3.087 ,0 ,0 ,0 | 0 
2.348 ,2.261 ,-0.087 ,1.217 ,-2.261 ,0 ,0 ,0 | 0 
-5.696 ,-1.522 ,-0.826 ,2.565 ,1.522 ,0 ,0 ,0 | 0 
0.478 ,3.609 ,2.13 ,-2.826 ,-3.609 ,0 ,0 ,0 | 0 
-2.571 ,-0.286 ,-4.286 ,-2.429 ,3.571 ,-3.286 ,0 ,0 | 0 
-2.667 ,-1.333 ,-3.667 ,-2 ,5 ,-1.333 ,-2.333 ,0 | 0 
-1 ,-2 ,-1 ,-3 ,3 ,-2 ,-2 ,3 | 0 

R4 --> R4 + 0.4217*R5

-0.696 ,-1.522 ,-1.826 ,-0.435 ,1.522 ,0 ,0 ,0 | 0 
1.783 ,3.087 ,1.304 ,0.739 ,-3.087 ,0 ,0 ,0 | 0 
2.348 ,2.261 ,-0.087 ,1.217 ,-2.261 ,0 ,0 ,0 | 0 
-5.494 ,0 ,0.072 ,1.373 ,0 ,0 ,0 ,0 | 0 
0.478 ,3.609 ,2.13 ,-2.826 ,-3.609 ,0 ,0 ,0 | 0 
-2.571 ,-0.286 ,-4.286 ,-2.429 ,3.571 ,-3.286 ,0 ,0 | 0 
-2.667 ,-1.333 ,-3.667 ,-2 ,5 ,-1.333 ,-2.333 ,0 | 0 
-1 ,-2 ,-1 ,-3 ,3 ,-2 ,-2 ,3 | 0 

R3 --> R3 - 0.6265*R5

-0.696 ,-1.522 ,-1.826 ,-0.435 ,1.522 ,0 ,0 ,0 | 0 
1.783 ,3.087 ,1.304 ,0.739 ,-3.087 ,0 ,0 ,0 | 0 
2.048 ,0 ,-1.422 ,2.988 ,0 ,0 ,0 ,0 | 0 
-5.494 ,0 ,0.072 ,1.373 ,0 ,0 ,0 ,0 | 0 
0.478 ,3.609 ,2.13 ,-2.826 ,-3.609 ,0 ,0 ,0 | 0 
-2.571 ,-0.286 ,-4.286 ,-2.429 ,3.571 ,-3.286 ,0 ,0 | 0 
-2.667 ,-1.333 ,-3.667 ,-2 ,5 ,-1.333 ,-2.333 ,0 | 0 
-1 ,-2 ,-1 ,-3 ,3 ,-2 ,-2 ,3 | 0 

R2 --> R2 - 0.8554*R5

-0.696 ,-1.522 ,-1.826 ,-0.435 ,1.522 ,0 ,0 ,0 | 0 
1.373 ,0 ,-0.518 ,3.157 ,0 ,0 ,0 ,0 | 0 
2.048 ,0 ,-1.422 ,2.988 ,0 ,0 ,0 ,0 | 0 
-5.494 ,0 ,0.072 ,1.373 ,0 ,0 ,0 ,0 | 0 
0.478 ,3.609 ,2.13 ,-2.826 ,-3.609 ,0 ,0 ,0 | 0 
-2.571 ,-0.286 ,-4.286 ,-2.429 ,3.571 ,-3.286 ,0 ,0 | 0 
-2.667 ,-1.333 ,-3.667 ,-2 ,5 ,-1.333 ,-2.333 ,0 | 0 
-1 ,-2 ,-1 ,-3 ,3 ,-2 ,-2 ,3 | 0 

R1 --> R1 + 0.4217*R5

-0.494 ,0 ,-0.928 ,-1.627 ,0 ,0 ,0 ,0 | 0 
1.373 ,0 ,-0.518 ,3.157 ,0 ,0 ,0 ,0 | 0 
2.048 ,0 ,-1.422 ,2.988 ,0 ,0 ,0 ,0 | 0 
-5.494 ,0 ,0.072 ,1.373 ,0 ,0 ,0 ,0 | 0 
0.478 ,3.609 ,2.13 ,-2.826 ,-3.609 ,0 ,0 ,0 | 0 
-2.571 ,-0.286 ,-4.286 ,-2.429 ,3.571 ,-3.286 ,0 ,0 | 0 
-2.667 ,-1.333 ,-3.667 ,-2 ,5 ,-1.333 ,-2.333 ,0 | 0 
-1 ,-2 ,-1 ,-3 ,3 ,-2 ,-2 ,3 | 0 

R3 --> R3 - 2.1754*R4

-0.494 ,0 ,-0.928 ,-1.627 ,0 ,0 ,0 ,0 | 0 
1.373 ,0 ,-0.518 ,3.157 ,0 ,0 ,0 ,0 | 0 
14 ,0 ,-1.579 ,0 ,0 ,0 ,0 ,0 | 0 
-5.494 ,0 ,0.072 ,1.373 ,0 ,0 ,0 ,0 | 0 
0.478 ,3.609 ,2.13 ,-2.826 ,-3.609 ,0 ,0 ,0 | 0 
-2.571 ,-0.286 ,-4.286 ,-2.429 ,3.571 ,-3.286 ,0 ,0 | 0 
-2.667 ,-1.333 ,-3.667 ,-2 ,5 ,-1.333 ,-2.333 ,0 | 0 
-1 ,-2 ,-1 ,-3 ,3 ,-2 ,-2 ,3 | 0 

R2 --> R2 - 2.2982*R4

-0.494 ,0 ,-0.928 ,-1.627 ,0 ,0 ,0 ,0 | 0 
14 ,0 ,-0.684 ,0 ,0 ,0 ,0 ,0 | 0 
14 ,0 ,-1.579 ,0 ,0 ,0 ,0 ,0 | 0 
-5.494 ,0 ,0.072 ,1.373 ,0 ,0 ,0 ,0 | 0 
0.478 ,3.609 ,2.13 ,-2.826 ,-3.609 ,0 ,0 ,0 | 0 
-2.571 ,-0.286 ,-4.286 ,-2.429 ,3.571 ,-3.286 ,0 ,0 | 0 
-2.667 ,-1.333 ,-3.667 ,-2 ,5 ,-1.333 ,-2.333 ,0 | 0 
-1 ,-2 ,-1 ,-3 ,3 ,-2 ,-2 ,3 | 0 

R1 --> R1 + 1.1842*R4

-7 ,0 ,-0.842 ,0 ,0 ,0 ,0 ,0 | 0 
14 ,0 ,-0.684 ,0 ,0 ,0 ,0 ,0 | 0 
14 ,0 ,-1.579 ,0 ,0 ,0 ,0 ,0 | 0 
-5.494 ,0 ,0.072 ,1.373 ,0 ,0 ,0 ,0 | 0 
0.478 ,3.609 ,2.13 ,-2.826 ,-3.609 ,0 ,0 ,0 | 0 
-2.571 ,-0.286 ,-4.286 ,-2.429 ,3.571 ,-3.286 ,0 ,0 | 0 
-2.667 ,-1.333 ,-3.667 ,-2 ,5 ,-1.333 ,-2.333 ,0 | 0 
-1 ,-2 ,-1 ,-3 ,3 ,-2 ,-2 ,3 | 0 

R2 --> R2 - 0.4333*R3

-7 ,0 ,-0.842 ,0 ,0 ,0 ,0 ,0 | 0 
7.933 ,0 ,0 ,0 ,0 ,0 ,0 ,0 | 0 
14 ,0 ,-1.579 ,0 ,0 ,0 ,0 ,0 | 0 
-5.494 ,0 ,0.072 ,1.373 ,0 ,0 ,0 ,0 | 0 
0.478 ,3.609 ,2.13 ,-2.826 ,-3.609 ,0 ,0 ,0 | 0 
-2.571 ,-0.286 ,-4.286 ,-2.429 ,3.571 ,-3.286 ,0 ,0 | 0 
-2.667 ,-1.333 ,-3.667 ,-2 ,5 ,-1.333 ,-2.333 ,0 | 0 
-1 ,-2 ,-1 ,-3 ,3 ,-2 ,-2 ,3 | 0 

R2 --> 0.1261*R2

-7 ,0 ,-0.842 ,0 ,0 ,0 ,0 ,0 | 0 
1 ,0 ,0 ,0 ,0 ,0 ,0 ,0 | 0 
14 ,0 ,-1.579 ,0 ,0 ,0 ,0 ,0 | 0 
-5.494 ,0 ,0.072 ,1.373 ,0 ,0 ,0 ,0 | 0 
0.478 ,3.609 ,2.13 ,-2.826 ,-3.609 ,0 ,0 ,0 | 0 
-2.571 ,-0.286 ,-4.286 ,-2.429 ,3.571 ,-3.286 ,0 ,0 | 0 
-2.667 ,-1.333 ,-3.667 ,-2 ,5 ,-1.333 ,-2.333 ,0 | 0 
-1 ,-2 ,-1 ,-3 ,3 ,-2 ,-2 ,3 | 0 

R1 --> R1 - 0.5333*R3

-14.467 ,0 ,0 ,0 ,0 ,0 ,0 ,0 | 0 
1 ,0 ,0 ,0 ,0 ,0 ,0 ,0 | 0 
14 ,0 ,-1.579 ,0 ,0 ,0 ,0 ,0 | 0 
-5.494 ,0 ,0.072 ,1.373 ,0 ,0 ,0 ,0 | 0 
0.478 ,3.609 ,2.13 ,-2.826 ,-3.609 ,0 ,0 ,0 | 0 
-2.571 ,-0.286 ,-4.286 ,-2.429 ,3.571 ,-3.286 ,0 ,0 | 0 
-2.667 ,-1.333 ,-3.667 ,-2 ,5 ,-1.333 ,-2.333 ,0 | 0 
-1 ,-2 ,-1 ,-3 ,3 ,-2 ,-2 ,3 | 0 

R1 <--> R2

1 ,0 ,0 ,0 ,0 ,0 ,0 ,0 | 0 
-14.467 ,0 ,0 ,0 ,0 ,0 ,0 ,0 | 0 
14 ,0 ,-1.579 ,0 ,0 ,0 ,0 ,0 | 0 
-5.494 ,0 ,0.072 ,1.373 ,0 ,0 ,0 ,0 | 0 
0.478 ,3.609 ,2.13 ,-2.826 ,-3.609 ,0 ,0 ,0 | 0 
-2.571 ,-0.286 ,-4.286 ,-2.429 ,3.571 ,-3.286 ,0 ,0 | 0 
-2.667 ,-1.333 ,-3.667 ,-2 ,5 ,-1.333 ,-2.333 ,0 | 0 
-1 ,-2 ,-1 ,-3 ,3 ,-2 ,-2 ,3 | 0 

R2 --> R2 + 14.4667*R1

1 ,0 ,0 ,0 ,0 ,0 ,0 ,0 | 0 
0 ,0 ,0 ,0 ,0 ,0 ,0 ,0 | 0 
14 ,0 ,-1.579 ,0 ,0 ,0 ,0 ,0 | 0 
-5.494 ,0 ,0.072 ,1.373 ,0 ,0 ,0 ,0 | 0 
0.478 ,3.609 ,2.13 ,-2.826 ,-3.609 ,0 ,0 ,0 | 0 
-2.571 ,-0.286 ,-4.286 ,-2.429 ,3.571 ,-3.286 ,0 ,0 | 0 
-2.667 ,-1.333 ,-3.667 ,-2 ,5 ,-1.333 ,-2.333 ,0 | 0 
-1 ,-2 ,-1 ,-3 ,3 ,-2 ,-2 ,3 | 0 

R3 --> R3 - 14*R1

1 ,0 ,0 ,0 ,0 ,0 ,0 ,0 | 0 
0 ,0 ,0 ,0 ,0 ,0 ,0 ,0 | 0 
0 ,0 ,-1.579 ,0 ,0 ,0 ,0 ,0 | 0 
-5.494 ,0 ,0.072 ,1.373 ,0 ,0 ,0 ,0 | 0 
0.478 ,3.609 ,2.13 ,-2.826 ,-3.609 ,0 ,0 ,0 | 0 
-2.571 ,-0.286 ,-4.286 ,-2.429 ,3.571 ,-3.286 ,0 ,0 | 0 
-2.667 ,-1.333 ,-3.667 ,-2 ,5 ,-1.333 ,-2.333 ,0 | 0 
-1 ,-2 ,-1 ,-3 ,3 ,-2 ,-2 ,3 | 0 

R4 --> R4 + 5.494*R1

1 ,0 ,0 ,0 ,0 ,0 ,0 ,0 | 0 
0 ,0 ,0 ,0 ,0 ,0 ,0 ,0 | 0 
0 ,0 ,-1.579 ,0 ,0 ,0 ,0 ,0 | 0 
0 ,0 ,0.072 ,1.373 ,0 ,0 ,0 ,0 | 0 
0.478 ,3.609 ,2.13 ,-2.826 ,-3.609 ,0 ,0 ,0 | 0 
-2.571 ,-0.286 ,-4.286 ,-2.429 ,3.571 ,-3.286 ,0 ,0 | 0 
-2.667 ,-1.333 ,-3.667 ,-2 ,5 ,-1.333 ,-2.333 ,0 | 0 
-1 ,-2 ,-1 ,-3 ,3 ,-2 ,-2 ,3 | 0 

R5 --> R5 - 0.4783*R1

1 ,0 ,0 ,0 ,0 ,0 ,0 ,0 | 0 
0 ,0 ,0 ,0 ,0 ,0 ,0 ,0 | 0 
0 ,0 ,-1.579 ,0 ,0 ,0 ,0 ,0 | 0 
0 ,0 ,0.072 ,1.373 ,0 ,0 ,0 ,0 | 0 
0 ,3.609 ,2.13 ,-2.826 ,-3.609 ,0 ,0 ,0 | 0 
-2.571 ,-0.286 ,-4.286 ,-2.429 ,3.571 ,-3.286 ,0 ,0 | 0 
-2.667 ,-1.333 ,-3.667 ,-2 ,5 ,-1.333 ,-2.333 ,0 | 0 
-1 ,-2 ,-1 ,-3 ,3 ,-2 ,-2 ,3 | 0 

R6 --> R6 + 2.5714*R1

1 ,0 ,0 ,0 ,0 ,0 ,0 ,0 | 0 
0 ,0 ,0 ,0 ,0 ,0 ,0 ,0 | 0 
0 ,0 ,-1.579 ,0 ,0 ,0 ,0 ,0 | 0 
0 ,0 ,0.072 ,1.373 ,0 ,0 ,0 ,0 | 0 
0 ,3.609 ,2.13 ,-2.826 ,-3.609 ,0 ,0 ,0 | 0 
0 ,-0.286 ,-4.286 ,-2.429 ,3.571 ,-3.286 ,0 ,0 | 0 
-2.667 ,-1.333 ,-3.667 ,-2 ,5 ,-1.333 ,-2.333 ,0 | 0 
-1 ,-2 ,-1 ,-3 ,3 ,-2 ,-2 ,3 | 0 

R7 --> R7 + 2.6667*R1

1 ,0 ,0 ,0 ,0 ,0 ,0 ,0 | 0 
0 ,0 ,0 ,0 ,0 ,0 ,0 ,0 | 0 
0 ,0 ,-1.579 ,0 ,0 ,0 ,0 ,0 | 0 
0 ,0 ,0.072 ,1.373 ,0 ,0 ,0 ,0 | 0 
0 ,3.609 ,2.13 ,-2.826 ,-3.609 ,0 ,0 ,0 | 0 
0 ,-0.286 ,-4.286 ,-2.429 ,3.571 ,-3.286 ,0 ,0 | 0 
0 ,-1.333 ,-3.667 ,-2 ,5 ,-1.333 ,-2.333 ,0 | 0 
-1 ,-2 ,-1 ,-3 ,3 ,-2 ,-2 ,3 | 0 

R8 --> R8 + R1

1 ,0 ,0 ,0 ,0 ,0 ,0 ,0 | 0 
0 ,0 ,0 ,0 ,0 ,0 ,0 ,0 | 0 
0 ,0 ,-1.579 ,0 ,0 ,0 ,0 ,0 | 0 
0 ,0 ,0.072 ,1.373 ,0 ,0 ,0 ,0 | 0 
0 ,3.609 ,2.13 ,-2.826 ,-3.609 ,0 ,0 ,0 | 0 
0 ,-0.286 ,-4.286 ,-2.429 ,3.571 ,-3.286 ,0 ,0 | 0 
0 ,-1.333 ,-3.667 ,-2 ,5 ,-1.333 ,-2.333 ,0 | 0 
0 ,-2 ,-1 ,-3 ,3 ,-2 ,-2 ,3 | 0 

define new column in b when x2 is free variable in R8:
1 ,0 ,0 ,0 ,0 ,0 ,0 ,0 | 0 ,0 
0 ,1 ,0 ,0 ,0 ,0 ,0 ,0 | 0 ,1 
0 ,0 ,-1.579 ,0 ,0 ,0 ,0 ,0 | 0 ,0 
0 ,0 ,0.072 ,1.373 ,0 ,0 ,0 ,0 | 0 ,0 
0 ,3.609 ,2.13 ,-2.826 ,-3.609 ,0 ,0 ,0 | 0 ,0 
0 ,-0.286 ,-4.286 ,-2.429 ,3.571 ,-3.286 ,0 ,0 | 0 ,0 
0 ,-1.333 ,-3.667 ,-2 ,5 ,-1.333 ,-2.333 ,0 | 0 ,0 
0 ,-2 ,-1 ,-3 ,3 ,-2 ,-2 ,3 | 0 ,0 

R3 --> R3 + 0*R2

1 ,0 ,0 ,0 ,0 ,0 ,0 ,0 | 0 ,0 
0 ,1 ,0 ,0 ,0 ,0 ,0 ,0 | 0 ,1 
0 ,0 ,-1.579 ,0 ,0 ,0 ,0 ,0 | 0 ,0 
0 ,0 ,0.072 ,1.373 ,0 ,0 ,0 ,0 | 0 ,0 
0 ,3.609 ,2.13 ,-2.826 ,-3.609 ,0 ,0 ,0 | 0 ,0 
0 ,-0.286 ,-4.286 ,-2.429 ,3.571 ,-3.286 ,0 ,0 | 0 ,0 
0 ,-1.333 ,-3.667 ,-2 ,5 ,-1.333 ,-2.333 ,0 | 0 ,0 
0 ,-2 ,-1 ,-3 ,3 ,-2 ,-2 ,3 | 0 ,0 

R3 --> -0.6333*R3

1 ,0 ,0 ,0 ,0 ,0 ,0 ,0 | 0 ,0 
0 ,1 ,0 ,0 ,0 ,0 ,0 ,0 | 0 ,1 
0 ,0 ,1 ,0 ,0 ,0 ,0 ,0 | 0 ,0 
0 ,0 ,0.072 ,1.373 ,0 ,0 ,0 ,0 | 0 ,0 
0 ,3.609 ,2.13 ,-2.826 ,-3.609 ,0 ,0 ,0 | 0 ,0 
0 ,-0.286 ,-4.286 ,-2.429 ,3.571 ,-3.286 ,0 ,0 | 0 ,0 
0 ,-1.333 ,-3.667 ,-2 ,5 ,-1.333 ,-2.333 ,0 | 0 ,0 
0 ,-2 ,-1 ,-3 ,3 ,-2 ,-2 ,3 | 0 ,0 

R5 --> R5 - 3.6087*R2

1 ,0 ,0 ,0 ,0 ,0 ,0 ,0 | 0 ,0 
0 ,1 ,0 ,0 ,0 ,0 ,0 ,0 | 0 ,1 
0 ,0 ,1 ,0 ,0 ,0 ,0 ,0 | 0 ,0 
0 ,0 ,0.072 ,1.373 ,0 ,0 ,0 ,0 | 0 ,0 
0 ,0 ,2.13 ,-2.826 ,-3.609 ,0 ,0 ,0 | 0 ,-3.609 
0 ,-0.286 ,-4.286 ,-2.429 ,3.571 ,-3.286 ,0 ,0 | 0 ,0 
0 ,-1.333 ,-3.667 ,-2 ,5 ,-1.333 ,-2.333 ,0 | 0 ,0 
0 ,-2 ,-1 ,-3 ,3 ,-2 ,-2 ,3 | 0 ,0 

R6 --> R6 + 0.2857*R2

1 ,0 ,0 ,0 ,0 ,0 ,0 ,0 | 0 ,0 
0 ,1 ,0 ,0 ,0 ,0 ,0 ,0 | 0 ,1 
0 ,0 ,1 ,0 ,0 ,0 ,0 ,0 | 0 ,0 
0 ,0 ,0.072 ,1.373 ,0 ,0 ,0 ,0 | 0 ,0 
0 ,0 ,2.13 ,-2.826 ,-3.609 ,0 ,0 ,0 | 0 ,-3.609 
0 ,0 ,-4.286 ,-2.429 ,3.571 ,-3.286 ,0 ,0 | 0 ,0.286 
0 ,-1.333 ,-3.667 ,-2 ,5 ,-1.333 ,-2.333 ,0 | 0 ,0 
0 ,-2 ,-1 ,-3 ,3 ,-2 ,-2 ,3 | 0 ,0 

R7 --> R7 + 1.3333*R2

1 ,0 ,0 ,0 ,0 ,0 ,0 ,0 | 0 ,0 
0 ,1 ,0 ,0 ,0 ,0 ,0 ,0 | 0 ,1 
0 ,0 ,1 ,0 ,0 ,0 ,0 ,0 | 0 ,0 
0 ,0 ,0.072 ,1.373 ,0 ,0 ,0 ,0 | 0 ,0 
0 ,0 ,2.13 ,-2.826 ,-3.609 ,0 ,0 ,0 | 0 ,-3.609 
0 ,0 ,-4.286 ,-2.429 ,3.571 ,-3.286 ,0 ,0 | 0 ,0.286 
0 ,0 ,-3.667 ,-2 ,5 ,-1.333 ,-2.333 ,0 | 0 ,1.333 
0 ,-2 ,-1 ,-3 ,3 ,-2 ,-2 ,3 | 0 ,0 

R8 --> R8 + 2*R2

1 ,0 ,0 ,0 ,0 ,0 ,0 ,0 | 0 ,0 
0 ,1 ,0 ,0 ,0 ,0 ,0 ,0 | 0 ,1 
0 ,0 ,1 ,0 ,0 ,0 ,0 ,0 | 0 ,0 
0 ,0 ,0.072 ,1.373 ,0 ,0 ,0 ,0 | 0 ,0 
0 ,0 ,2.13 ,-2.826 ,-3.609 ,0 ,0 ,0 | 0 ,-3.609 
0 ,0 ,-4.286 ,-2.429 ,3.571 ,-3.286 ,0 ,0 | 0 ,0.286 
0 ,0 ,-3.667 ,-2 ,5 ,-1.333 ,-2.333 ,0 | 0 ,1.333 
0 ,0 ,-1 ,-3 ,3 ,-2 ,-2 ,3 | 0 ,2 

R4 --> R4 - 0.0723*R3

1 ,0 ,0 ,0 ,0 ,0 ,0 ,0 | 0 ,0 
0 ,1 ,0 ,0 ,0 ,0 ,0 ,0 | 0 ,1 
0 ,0 ,1 ,0 ,0 ,0 ,0 ,0 | 0 ,0 
0 ,0 ,0 ,1.373 ,0 ,0 ,0 ,0 | 0 ,0 
0 ,0 ,2.13 ,-2.826 ,-3.609 ,0 ,0 ,0 | 0 ,-3.609 
0 ,0 ,-4.286 ,-2.429 ,3.571 ,-3.286 ,0 ,0 | 0 ,0.286 
0 ,0 ,-3.667 ,-2 ,5 ,-1.333 ,-2.333 ,0 | 0 ,1.333 
0 ,0 ,-1 ,-3 ,3 ,-2 ,-2 ,3 | 0 ,2 

R4 --> 0.7281*R4

1 ,0 ,0 ,0 ,0 ,0 ,0 ,0 | 0 ,0 
0 ,1 ,0 ,0 ,0 ,0 ,0 ,0 | 0 ,1 
0 ,0 ,1 ,0 ,0 ,0 ,0 ,0 | 0 ,0 
0 ,0 ,0 ,1 ,0 ,0 ,0 ,0 | 0 ,0 
0 ,0 ,2.13 ,-2.826 ,-3.609 ,0 ,0 ,0 | 0 ,-3.609 
0 ,0 ,-4.286 ,-2.429 ,3.571 ,-3.286 ,0 ,0 | 0 ,0.286 
0 ,0 ,-3.667 ,-2 ,5 ,-1.333 ,-2.333 ,0 | 0 ,1.333 
0 ,0 ,-1 ,-3 ,3 ,-2 ,-2 ,3 | 0 ,2 

R5 --> R5 - 2.1304*R3

1 ,0 ,0 ,0 ,0 ,0 ,0 ,0 | 0 ,0 
0 ,1 ,0 ,0 ,0 ,0 ,0 ,0 | 0 ,1 
0 ,0 ,1 ,0 ,0 ,0 ,0 ,0 | 0 ,0 
0 ,0 ,0 ,1 ,0 ,0 ,0 ,0 | 0 ,0 
0 ,0 ,0 ,-2.826 ,-3.609 ,0 ,0 ,0 | 0 ,-3.609 
0 ,0 ,-4.286 ,-2.429 ,3.571 ,-3.286 ,0 ,0 | 0 ,0.286 
0 ,0 ,-3.667 ,-2 ,5 ,-1.333 ,-2.333 ,0 | 0 ,1.333 
0 ,0 ,-1 ,-3 ,3 ,-2 ,-2 ,3 | 0 ,2 

R6 --> R6 + 4.2857*R3

1 ,0 ,0 ,0 ,0 ,0 ,0 ,0 | 0 ,0 
0 ,1 ,0 ,0 ,0 ,0 ,0 ,0 | 0 ,1 
0 ,0 ,1 ,0 ,0 ,0 ,0 ,0 | 0 ,0 
0 ,0 ,0 ,1 ,0 ,0 ,0 ,0 | 0 ,0 
0 ,0 ,0 ,-2.826 ,-3.609 ,0 ,0 ,0 | 0 ,-3.609 
0 ,0 ,0 ,-2.429 ,3.571 ,-3.286 ,0 ,0 | 0 ,0.286 
0 ,0 ,-3.667 ,-2 ,5 ,-1.333 ,-2.333 ,0 | 0 ,1.333 
0 ,0 ,-1 ,-3 ,3 ,-2 ,-2 ,3 | 0 ,2 

R7 --> R7 + 3.6667*R3

1 ,0 ,0 ,0 ,0 ,0 ,0 ,0 | 0 ,0 
0 ,1 ,0 ,0 ,0 ,0 ,0 ,0 | 0 ,1 
0 ,0 ,1 ,0 ,0 ,0 ,0 ,0 | 0 ,0 
0 ,0 ,0 ,1 ,0 ,0 ,0 ,0 | 0 ,0 
0 ,0 ,0 ,-2.826 ,-3.609 ,0 ,0 ,0 | 0 ,-3.609 
0 ,0 ,0 ,-2.429 ,3.571 ,-3.286 ,0 ,0 | 0 ,0.286 
0 ,0 ,0 ,-2 ,5 ,-1.333 ,-2.333 ,0 | 0 ,1.333 
0 ,0 ,-1 ,-3 ,3 ,-2 ,-2 ,3 | 0 ,2 

R8 --> R8 + R3

1 ,0 ,0 ,0 ,0 ,0 ,0 ,0 | 0 ,0 
0 ,1 ,0 ,0 ,0 ,0 ,0 ,0 | 0 ,1 
0 ,0 ,1 ,0 ,0 ,0 ,0 ,0 | 0 ,0 
0 ,0 ,0 ,1 ,0 ,0 ,0 ,0 | 0 ,0 
0 ,0 ,0 ,-2.826 ,-3.609 ,0 ,0 ,0 | 0 ,-3.609 
0 ,0 ,0 ,-2.429 ,3.571 ,-3.286 ,0 ,0 | 0 ,0.286 
0 ,0 ,0 ,-2 ,5 ,-1.333 ,-2.333 ,0 | 0 ,1.333 
0 ,0 ,0 ,-3 ,3 ,-2 ,-2 ,3 | 0 ,2 

R5 --> R5 + 2.8261*R4

1 ,0 ,0 ,0 ,0 ,0 ,0 ,0 | 0 ,0 
0 ,1 ,0 ,0 ,0 ,0 ,0 ,0 | 0 ,1 
0 ,0 ,1 ,0 ,0 ,0 ,0 ,0 | 0 ,0 
0 ,0 ,0 ,1 ,0 ,0 ,0 ,0 | 0 ,0 
0 ,0 ,0 ,0 ,-3.609 ,0 ,0 ,0 | 0 ,-3.609 
0 ,0 ,0 ,-2.429 ,3.571 ,-3.286 ,0 ,0 | 0 ,0.286 
0 ,0 ,0 ,-2 ,5 ,-1.333 ,-2.333 ,0 | 0 ,1.333 
0 ,0 ,0 ,-3 ,3 ,-2 ,-2 ,3 | 0 ,2 

R5 --> -0.2771*R5

1 ,0 ,0 ,0 ,0 ,0 ,0 ,0 | 0 ,0 
0 ,1 ,0 ,0 ,0 ,0 ,0 ,0 | 0 ,1 
0 ,0 ,1 ,0 ,0 ,0 ,0 ,0 | 0 ,0 
0 ,0 ,0 ,1 ,0 ,0 ,0 ,0 | 0 ,0 
0 ,0 ,0 ,0 ,1 ,0 ,0 ,0 | 0 ,1 
0 ,0 ,0 ,-2.429 ,3.571 ,-3.286 ,0 ,0 | 0 ,0.286 
0 ,0 ,0 ,-2 ,5 ,-1.333 ,-2.333 ,0 | 0 ,1.333 
0 ,0 ,0 ,-3 ,3 ,-2 ,-2 ,3 | 0 ,2 

R6 --> R6 + 2.4286*R4

1 ,0 ,0 ,0 ,0 ,0 ,0 ,0 | 0 ,0 
0 ,1 ,0 ,0 ,0 ,0 ,0 ,0 | 0 ,1 
0 ,0 ,1 ,0 ,0 ,0 ,0 ,0 | 0 ,0 
0 ,0 ,0 ,1 ,0 ,0 ,0 ,0 | 0 ,0 
0 ,0 ,0 ,0 ,1 ,0 ,0 ,0 | 0 ,1 
0 ,0 ,0 ,0 ,3.571 ,-3.286 ,0 ,0 | 0 ,0.286 
0 ,0 ,0 ,-2 ,5 ,-1.333 ,-2.333 ,0 | 0 ,1.333 
0 ,0 ,0 ,-3 ,3 ,-2 ,-2 ,3 | 0 ,2 

R7 --> R7 + 2*R4

1 ,0 ,0 ,0 ,0 ,0 ,0 ,0 | 0 ,0 
0 ,1 ,0 ,0 ,0 ,0 ,0 ,0 | 0 ,1 
0 ,0 ,1 ,0 ,0 ,0 ,0 ,0 | 0 ,0 
0 ,0 ,0 ,1 ,0 ,0 ,0 ,0 | 0 ,0 
0 ,0 ,0 ,0 ,1 ,0 ,0 ,0 | 0 ,1 
0 ,0 ,0 ,0 ,3.571 ,-3.286 ,0 ,0 | 0 ,0.286 
0 ,0 ,0 ,0 ,5 ,-1.333 ,-2.333 ,0 | 0 ,1.333 
0 ,0 ,0 ,-3 ,3 ,-2 ,-2 ,3 | 0 ,2 

R8 --> R8 + 3*R4

1 ,0 ,0 ,0 ,0 ,0 ,0 ,0 | 0 ,0 
0 ,1 ,0 ,0 ,0 ,0 ,0 ,0 | 0 ,1 
0 ,0 ,1 ,0 ,0 ,0 ,0 ,0 | 0 ,0 
0 ,0 ,0 ,1 ,0 ,0 ,0 ,0 | 0 ,0 
0 ,0 ,0 ,0 ,1 ,0 ,0 ,0 | 0 ,1 
0 ,0 ,0 ,0 ,3.571 ,-3.286 ,0 ,0 | 0 ,0.286 
0 ,0 ,0 ,0 ,5 ,-1.333 ,-2.333 ,0 | 0 ,1.333 
0 ,0 ,0 ,0 ,3 ,-2 ,-2 ,3 | 0 ,2 

R6 --> R6 - 3.5714*R5

1 ,0 ,0 ,0 ,0 ,0 ,0 ,0 | 0 ,0 
0 ,1 ,0 ,0 ,0 ,0 ,0 ,0 | 0 ,1 
0 ,0 ,1 ,0 ,0 ,0 ,0 ,0 | 0 ,0 
0 ,0 ,0 ,1 ,0 ,0 ,0 ,0 | 0 ,0 
0 ,0 ,0 ,0 ,1 ,0 ,0 ,0 | 0 ,1 
0 ,0 ,0 ,0 ,0 ,-3.286 ,0 ,0 | 0 ,-3.286 
0 ,0 ,0 ,0 ,5 ,-1.333 ,-2.333 ,0 | 0 ,1.333 
0 ,0 ,0 ,0 ,3 ,-2 ,-2 ,3 | 0 ,2 

R6 --> -0.3043*R6

1 ,0 ,0 ,0 ,0 ,0 ,0 ,0 | 0 ,0 
0 ,1 ,0 ,0 ,0 ,0 ,0 ,0 | 0 ,1 
0 ,0 ,1 ,0 ,0 ,0 ,0 ,0 | 0 ,0 
0 ,0 ,0 ,1 ,0 ,0 ,0 ,0 | 0 ,0 
0 ,0 ,0 ,0 ,1 ,0 ,0 ,0 | 0 ,1 
0 ,0 ,0 ,0 ,0 ,1 ,0 ,0 | 0 ,1 
0 ,0 ,0 ,0 ,5 ,-1.333 ,-2.333 ,0 | 0 ,1.333 
0 ,0 ,0 ,0 ,3 ,-2 ,-2 ,3 | 0 ,2 

R7 --> R7 - 5*R5

1 ,0 ,0 ,0 ,0 ,0 ,0 ,0 | 0 ,0 
0 ,1 ,0 ,0 ,0 ,0 ,0 ,0 | 0 ,1 
0 ,0 ,1 ,0 ,0 ,0 ,0 ,0 | 0 ,0 
0 ,0 ,0 ,1 ,0 ,0 ,0 ,0 | 0 ,0 
0 ,0 ,0 ,0 ,1 ,0 ,0 ,0 | 0 ,1 
0 ,0 ,0 ,0 ,0 ,1 ,0 ,0 | 0 ,1 
0 ,0 ,0 ,0 ,0 ,-1.333 ,-2.333 ,0 | 0 ,-3.667 
0 ,0 ,0 ,0 ,3 ,-2 ,-2 ,3 | 0 ,2 

R8 --> R8 - 3*R5

1 ,0 ,0 ,0 ,0 ,0 ,0 ,0 | 0 ,0 
0 ,1 ,0 ,0 ,0 ,0 ,0 ,0 | 0 ,1 
0 ,0 ,1 ,0 ,0 ,0 ,0 ,0 | 0 ,0 
0 ,0 ,0 ,1 ,0 ,0 ,0 ,0 | 0 ,0 
0 ,0 ,0 ,0 ,1 ,0 ,0 ,0 | 0 ,1 
0 ,0 ,0 ,0 ,0 ,1 ,0 ,0 | 0 ,1 
0 ,0 ,0 ,0 ,0 ,-1.333 ,-2.333 ,0 | 0 ,-3.667 
0 ,0 ,0 ,0 ,0 ,-2 ,-2 ,3 | 0 ,-1 

R7 --> R7 + 1.3333*R6

1 ,0 ,0 ,0 ,0 ,0 ,0 ,0 | 0 ,0 
0 ,1 ,0 ,0 ,0 ,0 ,0 ,0 | 0 ,1 
0 ,0 ,1 ,0 ,0 ,0 ,0 ,0 | 0 ,0 
0 ,0 ,0 ,1 ,0 ,0 ,0 ,0 | 0 ,0 
0 ,0 ,0 ,0 ,1 ,0 ,0 ,0 | 0 ,1 
0 ,0 ,0 ,0 ,0 ,1 ,0 ,0 | 0 ,1 
0 ,0 ,0 ,0 ,0 ,0 ,-2.333 ,0 | 0 ,-2.333 
0 ,0 ,0 ,0 ,0 ,-2 ,-2 ,3 | 0 ,-1 

R7 --> -0.4286*R7

1 ,0 ,0 ,0 ,0 ,0 ,0 ,0 | 0 ,0 
0 ,1 ,0 ,0 ,0 ,0 ,0 ,0 | 0 ,1 
0 ,0 ,1 ,0 ,0 ,0 ,0 ,0 | 0 ,0 
0 ,0 ,0 ,1 ,0 ,0 ,0 ,0 | 0 ,0 
0 ,0 ,0 ,0 ,1 ,0 ,0 ,0 | 0 ,1 
0 ,0 ,0 ,0 ,0 ,1 ,0 ,0 | 0 ,1 
0 ,0 ,0 ,0 ,0 ,0 ,1 ,0 | 0 ,1 
0 ,0 ,0 ,0 ,0 ,-2 ,-2 ,3 | 0 ,-1 

R8 --> R8 + 2*R6

1 ,0 ,0 ,0 ,0 ,0 ,0 ,0 | 0 ,0 
0 ,1 ,0 ,0 ,0 ,0 ,0 ,0 | 0 ,1 
0 ,0 ,1 ,0 ,0 ,0 ,0 ,0 | 0 ,0 
0 ,0 ,0 ,1 ,0 ,0 ,0 ,0 | 0 ,0 
0 ,0 ,0 ,0 ,1 ,0 ,0 ,0 | 0 ,1 
0 ,0 ,0 ,0 ,0 ,1 ,0 ,0 | 0 ,1 
0 ,0 ,0 ,0 ,0 ,0 ,1 ,0 | 0 ,1 
0 ,0 ,0 ,0 ,0 ,0 ,-2 ,3 | 0 ,1 

R8 --> R8 + 2*R7

1 ,0 ,0 ,0 ,0 ,0 ,0 ,0 | 0 ,0 
0 ,1 ,0 ,0 ,0 ,0 ,0 ,0 | 0 ,1 
0 ,0 ,1 ,0 ,0 ,0 ,0 ,0 | 0 ,0 
0 ,0 ,0 ,1 ,0 ,0 ,0 ,0 | 0 ,0 
0 ,0 ,0 ,0 ,1 ,0 ,0 ,0 | 0 ,1 
0 ,0 ,0 ,0 ,0 ,1 ,0 ,0 | 0 ,1 
0 ,0 ,0 ,0 ,0 ,0 ,1 ,0 | 0 ,1 
0 ,0 ,0 ,0 ,0 ,0 ,0 ,3 | 0 ,3 

R8 --> 0.3333*R8

1 ,0 ,0 ,0 ,0 ,0 ,0 ,0 | 0 ,0 
0 ,1 ,0 ,0 ,0 ,0 ,0 ,0 | 0 ,1 
0 ,0 ,1 ,0 ,0 ,0 ,0 ,0 | 0 ,0 
0 ,0 ,0 ,1 ,0 ,0 ,0 ,0 | 0 ,0 
0 ,0 ,0 ,0 ,1 ,0 ,0 ,0 | 0 ,1 
0 ,0 ,0 ,0 ,0 ,1 ,0 ,0 | 0 ,1 
0 ,0 ,0 ,0 ,0 ,0 ,1 ,0 | 0 ,1 
0 ,0 ,0 ,0 ,0 ,0 ,0 ,1 | 0 ,1 

solution is infinite set of vectors that linear dependent in line: x = s*( 0 , 1 , 0 , 0 , 1 , 1 , 1 , 1 )
